variables: SelectedSample NeutrinoCode TgtMat ReactionCode Enu Enu Pmu Pmu CosThetamu CosThetamu
3 -14 16 -1 0 4 0 200 0.78 0.8
3 -14 16 -1 0 4 2500 3000 0.995 1
43 -14 16 -1 0 4 0 300 -1 0.6
43 -14 16 -1 0 4 0 300 0.6 0.7
43 -14 16 -1 0 4 0 300 0.7 0.8
43 -14 16 -1 0 4 0 300 0.8 0.85
43 -14 16 -1 0 4 0 300 0.85 0.9
43 -14 16 -1 0 4 0 300 0.9 0.92
43 -14 16 -1 0 4 0 300 0.92 0.93
43 -14 16 -1 0 4 0 300 0.965 0.97
43 -14 16 -1 0 4 0 300 0.98 0.985
43 -14 16 -1 0 4 300 400 -1 0.6
43 -14 16 -1 0 4 300 400 0.6 0.7
43 -14 16 -1 0 4 300 400 0.7 0.8
43 -14 16 -1 0 4 300 400 0.8 0.85
43 -14 16 -1 0 4 300 400 0.85 0.9
43 -14 16 -1 0 4 300 400 0.9 0.92
43 -14 16 -1 0 4 300 400 0.92 0.93
43 -14 16 -1 0 4 300 400 0.93 0.94
43 -14 16 -1 0 4 300 400 0.94 0.95
43 -14 16 -1 0 4 300 400 0.95 0.96
43 -14 16 -1 0 4 300 400 0.96 0.965
43 -14 16 -1 0 4 300 400 0.965 0.97
43 -14 16 -1 0 4 300 400 0.97 0.975
43 -14 16 -1 0 4 300 400 0.98 0.985
43 -14 16 -1 0 4 300 400 0.985 0.99
43 -14 16 -1 0 4 400 500 -1 0.6
43 -14 16 -1 0 4 400 500 0.6 0.7
43 -14 16 -1 0 4 400 500 0.7 0.8
43 -14 16 -1 0 4 400 500 0.8 0.85
43 -14 16 -1 0 4 400 500 0.85 0.9
43 -14 16 -1 0 4 400 500 0.9 0.92
43 -14 16 -1 0 4 400 500 0.92 0.93
43 -14 16 -1 0 4 400 500 0.93 0.94
43 -14 16 -1 0 4 400 500 0.94 0.95
43 -14 16 -1 0 4 400 500 0.95 0.96
43 -14 16 -1 0 4 400 500 0.96 0.965
43 -14 16 -1 0 4 400 500 0.965 0.97
43 -14 16 -1 0 4 400 500 0.97 0.975
43 -14 16 -1 0 4 400 500 0.975 0.98
43 -14 16 -1 0 4 400 500 0.98 0.985
43 -14 16 -1 0 4 400 500 0.985 0.99
43 -14 16 -1 0 4 400 500 0.99 0.995
43 -14 16 -1 0 4 400 500 0.995 1
43 -14 16 -1 0 4 500 550 -1 0.6
43 -14 16 -1 0 4 500 550 0.6 0.7
43 -14 16 -1 0 4 500 550 0.7 0.8
43 -14 16 -1 0 4 500 550 0.8 0.85
43 -14 16 -1 0 4 500 550 0.85 0.9
43 -14 16 -1 0 4 500 550 0.9 0.92
43 -14 16 -1 0 4 500 550 0.92 0.93
43 -14 16 -1 0 4 500 550 0.93 0.94
43 -14 16 -1 0 4 500 550 0.94 0.95
43 -14 16 -1 0 4 500 550 0.95 0.96
43 -14 16 -1 0 4 500 550 0.96 0.965
43 -14 16 -1 0 4 500 550 0.965 0.97
43 -14 16 -1 0 4 500 550 0.97 0.975
43 -14 16 -1 0 4 500 550 0.975 0.98
43 -14 16 -1 0 4 500 550 0.98 0.985
43 -14 16 -1 0 4 500 550 0.99 0.995
43 -14 16 -1 0 4 500 550 0.995 1
43 -14 16 -1 0 4 550 600 -1 0.6
43 -14 16 -1 0 4 550 600 0.6 0.7
43 -14 16 -1 0 4 550 600 0.7 0.8
43 -14 16 -1 0 4 550 600 0.8 0.85
43 -14 16 -1 0 4 550 600 0.85 0.9
43 -14 16 -1 0 4 550 600 0.9 0.92
43 -14 16 -1 0 4 550 600 0.92 0.93
43 -14 16 -1 0 4 550 600 0.93 0.94
43 -14 16 -1 0 4 550 600 0.94 0.95
43 -14 16 -1 0 4 550 600 0.95 0.96
43 -14 16 -1 0 4 550 600 0.96 0.965
43 -14 16 -1 0 4 550 600 0.965 0.97
43 -14 16 -1 0 4 550 600 0.97 0.975
43 -14 16 -1 0 4 550 600 0.98 0.985
43 -14 16 -1 0 4 550 600 0.985 0.99
43 -14 16 -1 0 4 550 600 0.99 0.995
43 -14 16 -1 0 4 550 600 0.995 1
43 -14 16 -1 0 4 600 650 -1 0.6
43 -14 16 -1 0 4 600 650 0.6 0.7
43 -14 16 -1 0 4 600 650 0.7 0.8
43 -14 16 -1 0 4 600 650 0.8 0.85
43 -14 16 -1 0 4 600 650 0.85 0.9
43 -14 16 -1 0 4 600 650 0.9 0.92
43 -14 16 -1 0 4 600 650 0.92 0.93
43 -14 16 -1 0 4 600 650 0.93 0.94
43 -14 16 -1 0 4 600 650 0.94 0.95
43 -14 16 -1 0 4 600 650 0.95 0.96
43 -14 16 -1 0 4 600 650 0.96 0.965
43 -14 16 -1 0 4 600 650 0.965 0.97
43 -14 16 -1 0 4 600 650 0.97 0.975
43 -14 16 -1 0 4 600 650 0.98 0.985
43 -14 16 -1 0 4 600 650 0.985 0.99
43 -14 16 -1 0 4 600 650 0.99 0.995
43 -14 16 -1 0 4 600 650 0.995 1
43 -14 16 -1 0 4 650 700 -1 0.6
43 -14 16 -1 0 4 650 700 0.6 0.7
43 -14 16 -1 0 4 650 700 0.7 0.8
43 -14 16 -1 0 4 650 700 0.8 0.85
43 -14 16 -1 0 4 650 700 0.85 0.9
43 -14 16 -1 0 4 650 700 0.9 0.92
43 -14 16 -1 0 4 650 700 0.92 0.93
43 -14 16 -1 0 4 650 700 0.93 0.94
43 -14 16 -1 0 4 650 700 0.94 0.95
43 -14 16 -1 0 4 650 700 0.95 0.96
43 -14 16 -1 0 4 650 700 0.96 0.965
43 -14 16 -1 0 4 650 700 0.965 0.97
43 -14 16 -1 0 4 650 700 0.97 0.975
43 -14 16 -1 0 4 650 700 0.975 0.98
43 -14 16 -1 0 4 650 700 0.98 0.985
43 -14 16 -1 0 4 650 700 0.985 0.99
43 -14 16 -1 0 4 650 700 0.99 0.995
43 -14 16 -1 0 4 650 700 0.995 1
43 -14 16 -1 0 4 700 750 -1 0.6
43 -14 16 -1 0 4 700 750 0.6 0.7
43 -14 16 -1 0 4 700 750 0.7 0.8
43 -14 16 -1 0 4 700 750 0.8 0.85
43 -14 16 -1 0 4 700 750 0.85 0.9
43 -14 16 -1 0 4 700 750 0.9 0.92
43 -14 16 -1 0 4 700 750 0.92 0.93
43 -14 16 -1 0 4 700 750 0.93 0.94
43 -14 16 -1 0 4 700 750 0.94 0.95
43 -14 16 -1 0 4 700 750 0.95 0.96
43 -14 16 -1 0 4 700 750 0.96 0.965
43 -14 16 -1 0 4 700 750 0.965 0.97
43 -14 16 -1 0 4 700 750 0.97 0.975
43 -14 16 -1 0 4 700 750 0.975 0.98
43 -14 16 -1 0 4 700 750 0.98 0.985
43 -14 16 -1 0 4 700 750 0.99 0.995
43 -14 16 -1 0 4 750 800 -1 0.6
43 -14 16 -1 0 4 750 800 0.6 0.7
43 -14 16 -1 0 4 750 800 0.7 0.8
43 -14 16 -1 0 4 750 800 0.8 0.85
43 -14 16 -1 0 4 750 800 0.85 0.9
43 -14 16 -1 0 4 750 800 0.9 0.92
43 -14 16 -1 0 4 750 800 0.92 0.93
43 -14 16 -1 0 4 750 800 0.93 0.94
43 -14 16 -1 0 4 750 800 0.94 0.95
43 -14 16 -1 0 4 750 800 0.95 0.96
43 -14 16 -1 0 4 750 800 0.96 0.965
43 -14 16 -1 0 4 750 800 0.965 0.97
43 -14 16 -1 0 4 750 800 0.97 0.975
43 -14 16 -1 0 4 750 800 0.975 0.98
43 -14 16 -1 0 4 750 800 0.98 0.985
43 -14 16 -1 0 4 750 800 0.985 0.99
43 -14 16 -1 0 4 750 800 0.99 0.995
43 -14 16 -1 0 4 800 900 -1 0.6
43 -14 16 -1 0 4 800 900 0.7 0.8
43 -14 16 -1 0 4 800 900 0.8 0.85
43 -14 16 -1 0 4 800 900 0.85 0.9
43 -14 16 -1 0 4 800 900 0.9 0.92
43 -14 16 -1 0 4 800 900 0.92 0.93
43 -14 16 -1 0 4 800 900 0.93 0.94
43 -14 16 -1 0 4 800 900 0.94 0.95
43 -14 16 -1 0 4 800 900 0.95 0.96
43 -14 16 -1 0 4 800 900 0.965 0.97
43 -14 16 -1 0 4 800 900 0.975 0.98
43 -14 16 -1 0 4 800 900 0.98 0.985
43 -14 16 -1 0 4 800 900 0.985 0.99
43 -14 16 -1 0 4 900 1000 -1 0.6
43 -14 16 -1 0 4 900 1000 0.6 0.7
43 -14 16 -1 0 4 900 1000 0.7 0.8
43 -14 16 -1 0 4 900 1000 0.8 0.85
43 -14 16 -1 0 4 900 1000 0.85 0.9
43 -14 16 -1 0 4 900 1000 0.9 0.92
43 -14 16 -1 0 4 900 1000 0.92 0.93
43 -14 16 -1 0 4 900 1000 0.93 0.94
43 -14 16 -1 0 4 900 1000 0.94 0.95
43 -14 16 -1 0 4 900 1000 0.95 0.96
43 -14 16 -1 0 4 900 1000 0.96 0.965
43 -14 16 -1 0 4 900 1000 0.965 0.97
43 -14 16 -1 0 4 900 1000 0.975 0.98
43 -14 16 -1 0 4 900 1000 0.98 0.985
43 -14 16 -1 0 4 900 1000 0.985 0.99
43 -14 16 -1 0 4 1000 1100 0.6 0.7
43 -14 16 -1 0 4 1000 1100 0.7 0.8
43 -14 16 -1 0 4 1000 1100 0.8 0.85
43 -14 16 -1 0 4 1000 1100 0.85 0.9
43 -14 16 -1 0 4 1000 1100 0.9 0.92
43 -14 16 -1 0 4 1000 1100 0.92 0.93
43 -14 16 -1 0 4 1000 1100 0.94 0.95
43 -14 16 -1 0 4 1000 1100 0.95 0.96
43 -14 16 -1 0 4 1000 1100 0.96 0.965
43 -14 16 -1 0 4 1000 1100 0.965 0.97
43 -14 16 -1 0 4 1000 1100 0.97 0.975
43 -14 16 -1 0 4 1000 1100 0.975 0.98
43 -14 16 -1 0 4 1000 1100 0.98 0.985
43 -14 16 -1 0 4 1000 1100 0.985 0.99
43 -14 16 -1 0 4 1000 1100 0.99 0.995
43 -14 16 -1 0 4 1100 1200 0.8 0.85
43 -14 16 -1 0 4 1100 1200 0.85 0.9
43 -14 16 -1 0 4 1100 1200 0.9 0.92
43 -14 16 -1 0 4 1100 1200 0.92 0.93
43 -14 16 -1 0 4 1100 1200 0.93 0.94
43 -14 16 -1 0 4 1100 1200 0.94 0.95
43 -14 16 -1 0 4 1100 1200 0.95 0.96
43 -14 16 -1 0 4 1100 1200 0.96 0.965
43 -14 16 -1 0 4 1100 1200 0.965 0.97
43 -14 16 -1 0 4 1100 1200 0.97 0.975
43 -14 16 -1 0 4 1100 1200 0.975 0.98
43 -14 16 -1 0 4 1100 1200 0.98 0.985
43 -14 16 -1 0 4 1100 1200 0.99 0.995
43 -14 16 -1 0 4 1200 1500 0.85 0.9
43 -14 16 -1 0 4 1200 1500 0.9 0.92
43 -14 16 -1 0 4 1200 1500 0.92 0.93
43 -14 16 -1 0 4 1200 1500 0.93 0.94
43 -14 16 -1 0 4 1200 1500 0.94 0.95
43 -14 16 -1 0 4 1200 1500 0.95 0.96
43 -14 16 -1 0 4 1200 1500 0.96 0.965
43 -14 16 -1 0 4 1200 1500 0.965 0.97
43 -14 16 -1 0 4 1200 1500 0.97 0.975
43 -14 16 -1 0 4 1200 1500 0.975 0.98
43 -14 16 -1 0 4 1200 1500 0.98 0.985
43 -14 16 -1 0 4 1200 1500 0.985 0.99
43 -14 16 -1 0 4 1200 1500 0.99 0.995
43 -14 16 -1 0 4 1500 2000 0.85 0.9
43 -14 16 -1 0 4 1500 2000 0.9 0.92
43 -14 16 -1 0 4 1500 2000 0.94 0.95
43 -14 16 -1 0 4 1500 2000 0.95 0.96
43 -14 16 -1 0 4 1500 2000 0.96 0.965
43 -14 16 -1 0 4 1500 2000 0.965 0.97
43 -14 16 -1 0 4 1500 2000 0.97 0.975
43 -14 16 -1 0 4 1500 2000 0.98 0.985
43 -14 16 -1 0 4 1500 2000 0.985 0.99
43 -14 16 -1 0 4 1500 2000 0.995 1
43 -14 16 -1 0 4 2000 4000 0.94 0.95
43 -14 16 -1 0 4 2000 4000 0.95 0.96
43 -14 16 -1 0 4 2000 4000 0.97 0.975
43 -14 16 -1 0 4 2000 4000 0.995 1
43 -14 16 -1 0 4 4000 30000 0.97 0.975
45 -14 16 -1 0 4 0 600 0.7 0.8
45 -14 16 -1 0 4 0 600 0.8 0.85
45 -14 16 -1 0 4 600 800 0.98 0.99
45 -14 16 -1 0 4 800 1000 0.97 0.98
45 -14 16 -1 0 4 1000 1250 0.98 0.99
55 -14 16 -1 0 4 1500 2000 0.7 0.8
19 -14 16 -1 0 4 400 450 0.85 0.88
19 -14 16 -1 0 4 500 550 0.7 0.76
19 -14 16 -1 0 4 650 700 0.8 0.83
19 -14 16 -1 0 4 900 950 0.91 0.92
19 -14 16 -1 0 4 950 1000 0.955 0.96
19 -14 16 -1 0 4 1050 1100 0.5 0.6
19 -14 16 -1 0 4 1200 1300 0.92 0.925
19 -14 16 -1 0 4 1400 1500 0.7 0.76
19 -14 16 -1 0 4 1500 1600 0.85 0.88
19 -14 16 -1 0 4 1800 2000 0.88 0.89
20 -14 16 -1 0 4 750 800 0.95 0.96
20 -14 16 -1 0 4 750 800 0.97 0.98
21 -14 16 -1 0 4 600 650 0.92 0.93
49 -12 16 -1 0 4 1200 1500 0.99 0.995
49 -12 16 -1 0 4 1500 2000 0.99 0.995
49 -14 16 -1 0 4 0 300 -1 0.6
49 -14 16 -1 0 4 0 300 0.6 0.7
49 -14 16 -1 0 4 0 300 0.7 0.8
49 -14 16 -1 0 4 0 300 0.8 0.85
49 -14 16 -1 0 4 0 300 0.85 0.9
49 -14 16 -1 0 4 0 300 0.9 0.92
49 -14 16 -1 0 4 0 300 0.92 0.93
49 -14 16 -1 0 4 0 300 0.93 0.94
49 -14 16 -1 0 4 0 300 0.94 0.95
49 -14 16 -1 0 4 0 300 0.95 0.96
49 -14 16 -1 0 4 0 300 0.96 0.965
49 -14 16 -1 0 4 0 300 0.965 0.97
49 -14 16 -1 0 4 0 300 0.97 0.975
49 -14 16 -1 0 4 0 300 0.975 0.98
49 -14 16 -1 0 4 0 300 0.98 0.985
49 -14 16 -1 0 4 0 300 0.985 0.99
49 -14 16 -1 0 4 0 300 0.99 0.995
49 -14 16 -1 0 4 0 300 0.995 1
49 -14 16 -1 0 4 300 400 -1 0.6
49 -14 16 -1 0 4 300 400 0.6 0.7
49 -14 16 -1 0 4 300 400 0.7 0.8
49 -14 16 -1 0 4 300 400 0.8 0.85
49 -14 16 -1 0 4 300 400 0.85 0.9
49 -14 16 -1 0 4 300 400 0.9 0.92
49 -14 16 -1 0 4 300 400 0.92 0.93
49 -14 16 -1 0 4 300 400 0.93 0.94
49 -14 16 -1 0 4 300 400 0.94 0.95
49 -14 16 -1 0 4 300 400 0.95 0.96
49 -14 16 -1 0 4 300 400 0.96 0.965
49 -14 16 -1 0 4 300 400 0.965 0.97
49 -14 16 -1 0 4 300 400 0.97 0.975
49 -14 16 -1 0 4 300 400 0.975 0.98
49 -14 16 -1 0 4 300 400 0.98 0.985
49 -14 16 -1 0 4 300 400 0.985 0.99
49 -14 16 -1 0 4 300 400 0.99 0.995
49 -14 16 -1 0 4 300 400 0.995 1
49 -14 16 -1 0 4 400 500 -1 0.6
49 -14 16 -1 0 4 400 500 0.6 0.7
49 -14 16 -1 0 4 400 500 0.7 0.8
49 -14 16 -1 0 4 400 500 0.8 0.85
49 -14 16 -1 0 4 400 500 0.85 0.9
49 -14 16 -1 0 4 400 500 0.9 0.92
49 -14 16 -1 0 4 400 500 0.92 0.93
49 -14 16 -1 0 4 400 500 0.93 0.94
49 -14 16 -1 0 4 400 500 0.94 0.95
49 -14 16 -1 0 4 400 500 0.95 0.96
49 -14 16 -1 0 4 400 500 0.96 0.965
49 -14 16 -1 0 4 400 500 0.965 0.97
49 -14 16 -1 0 4 400 500 0.97 0.975
49 -14 16 -1 0 4 400 500 0.975 0.98
49 -14 16 -1 0 4 400 500 0.98 0.985
49 -14 16 -1 0 4 400 500 0.985 0.99
49 -14 16 -1 0 4 400 500 0.99 0.995
49 -14 16 -1 0 4 400 500 0.995 1
49 -14 16 -1 0 4 500 550 -1 0.6
49 -14 16 -1 0 4 500 550 0.6 0.7
49 -14 16 -1 0 4 500 550 0.7 0.8
49 -14 16 -1 0 4 500 550 0.8 0.85
49 -14 16 -1 0 4 500 550 0.85 0.9
49 -14 16 -1 0 4 500 550 0.9 0.92
49 -14 16 -1 0 4 500 550 0.92 0.93
49 -14 16 -1 0 4 500 550 0.93 0.94
49 -14 16 -1 0 4 500 550 0.94 0.95
49 -14 16 -1 0 4 500 550 0.95 0.96
49 -14 16 -1 0 4 500 550 0.96 0.965
49 -14 16 -1 0 4 500 550 0.965 0.97
49 -14 16 -1 0 4 500 550 0.97 0.975
49 -14 16 -1 0 4 500 550 0.975 0.98
49 -14 16 -1 0 4 500 550 0.98 0.985
49 -14 16 -1 0 4 500 550 0.985 0.99
49 -14 16 -1 0 4 500 550 0.99 0.995
49 -14 16 -1 0 4 500 550 0.995 1
49 -14 16 -1 0 4 550 600 -1 0.6
49 -14 16 -1 0 4 550 600 0.6 0.7
49 -14 16 -1 0 4 550 600 0.7 0.8
49 -14 16 -1 0 4 550 600 0.8 0.85
49 -14 16 -1 0 4 550 600 0.85 0.9
49 -14 16 -1 0 4 550 600 0.9 0.92
49 -14 16 -1 0 4 550 600 0.92 0.93
49 -14 16 -1 0 4 550 600 0.93 0.94
49 -14 16 -1 0 4 550 600 0.94 0.95
49 -14 16 -1 0 4 550 600 0.95 0.96
49 -14 16 -1 0 4 550 600 0.96 0.965
49 -14 16 -1 0 4 550 600 0.965 0.97
49 -14 16 -1 0 4 550 600 0.97 0.975
49 -14 16 -1 0 4 550 600 0.975 0.98
49 -14 16 -1 0 4 550 600 0.98 0.985
49 -14 16 -1 0 4 550 600 0.985 0.99
49 -14 16 -1 0 4 550 600 0.99 0.995
49 -14 16 -1 0 4 550 600 0.995 1
49 -14 16 -1 0 4 600 650 -1 0.6
49 -14 16 -1 0 4 600 650 0.6 0.7
49 -14 16 -1 0 4 600 650 0.7 0.8
49 -14 16 -1 0 4 600 650 0.8 0.85
49 -14 16 -1 0 4 600 650 0.85 0.9
49 -14 16 -1 0 4 600 650 0.9 0.92
49 -14 16 -1 0 4 600 650 0.92 0.93
49 -14 16 -1 0 4 600 650 0.93 0.94
49 -14 16 -1 0 4 600 650 0.94 0.95
49 -14 16 -1 0 4 600 650 0.95 0.96
49 -14 16 -1 0 4 600 650 0.96 0.965
49 -14 16 -1 0 4 600 650 0.965 0.97
49 -14 16 -1 0 4 600 650 0.97 0.975
49 -14 16 -1 0 4 600 650 0.975 0.98
49 -14 16 -1 0 4 600 650 0.98 0.985
49 -14 16 -1 0 4 600 650 0.985 0.99
49 -14 16 -1 0 4 600 650 0.99 0.995
49 -14 16 -1 0 4 600 650 0.995 1
49 -14 16 -1 0 4 650 700 -1 0.6
49 -14 16 -1 0 4 650 700 0.6 0.7
49 -14 16 -1 0 4 650 700 0.7 0.8
49 -14 16 -1 0 4 650 700 0.8 0.85
49 -14 16 -1 0 4 650 700 0.85 0.9
49 -14 16 -1 0 4 650 700 0.9 0.92
49 -14 16 -1 0 4 650 700 0.92 0.93
49 -14 16 -1 0 4 650 700 0.93 0.94
49 -14 16 -1 0 4 650 700 0.94 0.95
49 -14 16 -1 0 4 650 700 0.95 0.96
49 -14 16 -1 0 4 650 700 0.96 0.965
49 -14 16 -1 0 4 650 700 0.965 0.97
49 -14 16 -1 0 4 650 700 0.97 0.975
49 -14 16 -1 0 4 650 700 0.975 0.98
49 -14 16 -1 0 4 650 700 0.98 0.985
49 -14 16 -1 0 4 650 700 0.985 0.99
49 -14 16 -1 0 4 650 700 0.99 0.995
49 -14 16 -1 0 4 650 700 0.995 1
49 -14 16 -1 0 4 700 750 -1 0.6
49 -14 16 -1 0 4 700 750 0.6 0.7
49 -14 16 -1 0 4 700 750 0.7 0.8
49 -14 16 -1 0 4 700 750 0.8 0.85
49 -14 16 -1 0 4 700 750 0.85 0.9
49 -14 16 -1 0 4 700 750 0.9 0.92
49 -14 16 -1 0 4 700 750 0.92 0.93
49 -14 16 -1 0 4 700 750 0.93 0.94
49 -14 16 -1 0 4 700 750 0.94 0.95
49 -14 16 -1 0 4 700 750 0.95 0.96
49 -14 16 -1 0 4 700 750 0.96 0.965
49 -14 16 -1 0 4 700 750 0.965 0.97
49 -14 16 -1 0 4 700 750 0.97 0.975
49 -14 16 -1 0 4 700 750 0.975 0.98
49 -14 16 -1 0 4 700 750 0.98 0.985
49 -14 16 -1 0 4 700 750 0.985 0.99
49 -14 16 -1 0 4 700 750 0.99 0.995
49 -14 16 -1 0 4 700 750 0.995 1
49 -14 16 -1 0 4 750 800 -1 0.6
49 -14 16 -1 0 4 750 800 0.6 0.7
49 -14 16 -1 0 4 750 800 0.7 0.8
49 -14 16 -1 0 4 750 800 0.8 0.85
49 -14 16 -1 0 4 750 800 0.85 0.9
49 -14 16 -1 0 4 750 800 0.9 0.92
49 -14 16 -1 0 4 750 800 0.92 0.93
49 -14 16 -1 0 4 750 800 0.93 0.94
49 -14 16 -1 0 4 750 800 0.94 0.95
49 -14 16 -1 0 4 750 800 0.95 0.96
49 -14 16 -1 0 4 750 800 0.96 0.965
49 -14 16 -1 0 4 750 800 0.965 0.97
49 -14 16 -1 0 4 750 800 0.97 0.975
49 -14 16 -1 0 4 750 800 0.975 0.98
49 -14 16 -1 0 4 750 800 0.98 0.985
49 -14 16 -1 0 4 750 800 0.985 0.99
49 -14 16 -1 0 4 750 800 0.99 0.995
49 -14 16 -1 0 4 750 800 0.995 1
49 -14 16 -1 0 4 800 900 -1 0.6
49 -14 16 -1 0 4 800 900 0.6 0.7
49 -14 16 -1 0 4 800 900 0.7 0.8
49 -14 16 -1 0 4 800 900 0.8 0.85
49 -14 16 -1 0 4 800 900 0.85 0.9
49 -14 16 -1 0 4 800 900 0.9 0.92
49 -14 16 -1 0 4 800 900 0.92 0.93
49 -14 16 -1 0 4 800 900 0.93 0.94
49 -14 16 -1 0 4 800 900 0.94 0.95
49 -14 16 -1 0 4 800 900 0.95 0.96
49 -14 16 -1 0 4 800 900 0.96 0.965
49 -14 16 -1 0 4 800 900 0.965 0.97
49 -14 16 -1 0 4 800 900 0.97 0.975
49 -14 16 -1 0 4 800 900 0.975 0.98
49 -14 16 -1 0 4 800 900 0.98 0.985
49 -14 16 -1 0 4 800 900 0.985 0.99
49 -14 16 -1 0 4 800 900 0.99 0.995
49 -14 16 -1 0 4 800 900 0.995 1
49 -14 16 -1 0 4 900 1000 -1 0.6
49 -14 16 -1 0 4 900 1000 0.6 0.7
49 -14 16 -1 0 4 900 1000 0.7 0.8
49 -14 16 -1 0 4 900 1000 0.8 0.85
49 -14 16 -1 0 4 900 1000 0.85 0.9
49 -14 16 -1 0 4 900 1000 0.9 0.92
49 -14 16 -1 0 4 900 1000 0.92 0.93
49 -14 16 -1 0 4 900 1000 0.93 0.94
49 -14 16 -1 0 4 900 1000 0.94 0.95
49 -14 16 -1 0 4 900 1000 0.95 0.96
49 -14 16 -1 0 4 900 1000 0.96 0.965
49 -14 16 -1 0 4 900 1000 0.965 0.97
49 -14 16 -1 0 4 900 1000 0.97 0.975
49 -14 16 -1 0 4 900 1000 0.975 0.98
49 -14 16 -1 0 4 900 1000 0.98 0.985
49 -14 16 -1 0 4 900 1000 0.985 0.99
49 -14 16 -1 0 4 900 1000 0.99 0.995
49 -14 16 -1 0 4 900 1000 0.995 1
49 -14 16 -1 0 4 1000 1100 -1 0.6
49 -14 16 -1 0 4 1000 1100 0.6 0.7
49 -14 16 -1 0 4 1000 1100 0.7 0.8
49 -14 16 -1 0 4 1000 1100 0.8 0.85
49 -14 16 -1 0 4 1000 1100 0.85 0.9
49 -14 16 -1 0 4 1000 1100 0.9 0.92
49 -14 16 -1 0 4 1000 1100 0.92 0.93
49 -14 16 -1 0 4 1000 1100 0.93 0.94
49 -14 16 -1 0 4 1000 1100 0.94 0.95
49 -14 16 -1 0 4 1000 1100 0.95 0.96
49 -14 16 -1 0 4 1000 1100 0.96 0.965
49 -14 16 -1 0 4 1000 1100 0.965 0.97
49 -14 16 -1 0 4 1000 1100 0.97 0.975
49 -14 16 -1 0 4 1000 1100 0.975 0.98
49 -14 16 -1 0 4 1000 1100 0.98 0.985
49 -14 16 -1 0 4 1000 1100 0.985 0.99
49 -14 16 -1 0 4 1000 1100 0.99 0.995
49 -14 16 -1 0 4 1000 1100 0.995 1
49 -14 16 -1 0 4 1100 1200 0.6 0.7
49 -14 16 -1 0 4 1100 1200 0.7 0.8
49 -14 16 -1 0 4 1100 1200 0.8 0.85
49 -14 16 -1 0 4 1100 1200 0.85 0.9
49 -14 16 -1 0 4 1100 1200 0.9 0.92
49 -14 16 -1 0 4 1100 1200 0.92 0.93
49 -14 16 -1 0 4 1100 1200 0.93 0.94
49 -14 16 -1 0 4 1100 1200 0.94 0.95
49 -14 16 -1 0 4 1100 1200 0.95 0.96
49 -14 16 -1 0 4 1100 1200 0.96 0.965
49 -14 16 -1 0 4 1100 1200 0.965 0.97
49 -14 16 -1 0 4 1100 1200 0.97 0.975
49 -14 16 -1 0 4 1100 1200 0.975 0.98
49 -14 16 -1 0 4 1100 1200 0.98 0.985
49 -14 16 -1 0 4 1100 1200 0.985 0.99
49 -14 16 -1 0 4 1100 1200 0.99 0.995
49 -14 16 -1 0 4 1100 1200 0.995 1
49 -14 16 -1 0 4 1200 1500 -1 0.6
49 -14 16 -1 0 4 1200 1500 0.6 0.7
49 -14 16 -1 0 4 1200 1500 0.7 0.8
49 -14 16 -1 0 4 1200 1500 0.8 0.85
49 -14 16 -1 0 4 1200 1500 0.85 0.9
49 -14 16 -1 0 4 1200 1500 0.9 0.92
49 -14 16 -1 0 4 1200 1500 0.92 0.93
49 -14 16 -1 0 4 1200 1500 0.93 0.94
49 -14 16 -1 0 4 1200 1500 0.94 0.95
49 -14 16 -1 0 4 1200 1500 0.95 0.96
49 -14 16 -1 0 4 1200 1500 0.96 0.965
49 -14 16 -1 0 4 1200 1500 0.965 0.97
49 -14 16 -1 0 4 1200 1500 0.97 0.975
49 -14 16 -1 0 4 1200 1500 0.975 0.98
49 -14 16 -1 0 4 1200 1500 0.98 0.985
49 -14 16 -1 0 4 1200 1500 0.985 0.99
49 -14 16 -1 0 4 1200 1500 0.99 0.995
49 -14 16 -1 0 4 1200 1500 0.995 1
49 -14 16 -1 0 4 1500 2000 -1 0.6
49 -14 16 -1 0 4 1500 2000 0.6 0.7
49 -14 16 -1 0 4 1500 2000 0.7 0.8
49 -14 16 -1 0 4 1500 2000 0.8 0.85
49 -14 16 -1 0 4 1500 2000 0.85 0.9
49 -14 16 -1 0 4 1500 2000 0.9 0.92
49 -14 16 -1 0 4 1500 2000 0.92 0.93
49 -14 16 -1 0 4 1500 2000 0.93 0.94
49 -14 16 -1 0 4 1500 2000 0.94 0.95
49 -14 16 -1 0 4 1500 2000 0.95 0.96
49 -14 16 -1 0 4 1500 2000 0.96 0.965
49 -14 16 -1 0 4 1500 2000 0.965 0.97
49 -14 16 -1 0 4 1500 2000 0.97 0.975
49 -14 16 -1 0 4 1500 2000 0.975 0.98
49 -14 16 -1 0 4 1500 2000 0.98 0.985
49 -14 16 -1 0 4 1500 2000 0.985 0.99
49 -14 16 -1 0 4 1500 2000 0.99 0.995
49 -14 16 -1 0 4 1500 2000 0.995 1
49 -14 16 -1 0 4 2000 4000 0.7 0.8
49 -14 16 -1 0 4 2000 4000 0.8 0.85
49 -14 16 -1 0 4 2000 4000 0.85 0.9
49 -14 16 -1 0 4 2000 4000 0.9 0.92
49 -14 16 -1 0 4 2000 4000 0.92 0.93
49 -14 16 -1 0 4 2000 4000 0.93 0.94
49 -14 16 -1 0 4 2000 4000 0.94 0.95
49 -14 16 -1 0 4 2000 4000 0.95 0.96
49 -14 16 -1 0 4 2000 4000 0.96 0.965
49 -14 16 -1 0 4 2000 4000 0.965 0.97
49 -14 16 -1 0 4 2000 4000 0.97 0.975
49 -14 16 -1 0 4 2000 4000 0.975 0.98
49 -14 16 -1 0 4 2000 4000 0.98 0.985
49 -14 16 -1 0 4 2000 4000 0.985 0.99
49 -14 16 -1 0 4 2000 4000 0.99 0.995
49 -14 16 -1 0 4 2000 4000 0.995 1
49 -14 16 -1 0 4 4000 30000 0.7 0.8
49 -14 16 -1 0 4 4000 30000 0.965 0.97
49 -14 16 -1 0 4 4000 30000 0.975 0.98
49 -14 16 -1 0 4 4000 30000 0.98 0.985
49 -14 16 -1 0 4 4000 30000 0.985 0.99
49 -14 16 -1 0 4 4000 30000 0.99 0.995
51 -14 16 -1 0 4 0 600 0.7 0.8
51 -14 16 -1 0 4 0 600 0.8 0.85
51 -14 16 -1 0 4 0 600 0.85 0.9
51 -14 16 -1 0 4 0 600 0.9 0.93
51 -14 16 -1 0 4 0 600 0.99 1
51 -14 16 -1 0 4 600 800 -1 0.7
51 -14 16 -1 0 4 600 800 0.7 0.8
51 -14 16 -1 0 4 600 800 0.8 0.85
51 -14 16 -1 0 4 600 800 0.85 0.9
51 -14 16 -1 0 4 600 800 0.9 0.93
51 -14 16 -1 0 4 600 800 0.95 0.97
51 -14 16 -1 0 4 600 800 0.97 0.98
51 -14 16 -1 0 4 600 800 0.99 1
51 -14 16 -1 0 4 800 1000 0.7 0.8
51 -14 16 -1 0 4 800 1000 0.8 0.85
51 -14 16 -1 0 4 800 1000 0.85 0.9
51 -14 16 -1 0 4 800 1000 0.95 0.97
51 -14 16 -1 0 4 800 1000 0.97 0.98
51 -14 16 -1 0 4 800 1000 0.98 0.99
51 -14 16 -1 0 4 1000 1250 0.7 0.8
51 -14 16 -1 0 4 1000 1250 0.9 0.93
51 -14 16 -1 0 4 1000 1250 0.95 0.97
51 -14 16 -1 0 4 1000 1250 0.98 0.99
51 -14 16 -1 0 4 1250 1500 0.85 0.9
51 -14 16 -1 0 4 1250 1500 0.9 0.93
51 -14 16 -1 0 4 1250 1500 0.93 0.95
51 -14 16 -1 0 4 1250 1500 0.95 0.97
51 -14 16 -1 0 4 1500 2000 0.93 0.95
51 -14 16 -1 0 4 1500 2000 0.95 0.97
61 -14 16 -1 0 4 0 300 -1 0.7
61 -14 16 -1 0 4 0 300 0.7 0.8
61 -14 16 -1 0 4 300 500 -1 0.7
61 -14 16 -1 0 4 500 700 -1 0.7
61 -14 16 -1 0 4 700 800 -1 0.7
61 -14 16 -1 0 4 800 900 -1 0.7
61 -14 16 -1 0 4 900 1250 -1 0.7
61 -14 16 -1 0 4 900 1250 0.92 0.94
61 -14 16 -1 0 4 900 1250 0.94 0.96
61 -14 16 -1 0 4 1250 1500 -1 0.7
61 -14 16 -1 0 4 1250 1500 0.92 0.94
61 -14 16 -1 0 4 1250 1500 0.94 0.96
61 -14 16 -1 0 4 2000 4000 0.99 1
61 -14 16 -1 0 4 4000 30000 0.92 0.94
61 -14 16 -1 0 4 4000 30000 0.99 1
