variables: SelectedSample NeutrinoCode TgtMat ReactionCode Enu Enu Pmu Pmu CosThetamu CosThetamu
3 12 12 1 0 4 0 200 -1 0.5
3 12 12 1 0 4 0 200 0.5 0.6
3 12 12 1 0 4 0 200 0.8 0.83
3 12 12 1 0 4 0 200 0.83 0.85
3 12 12 1 0 4 0 200 0.85 0.88
3 12 12 1 0 4 0 200 0.89 0.9
3 12 12 1 0 4 0 200 0.955 0.96
3 12 12 1 0 4 0 200 0.96 0.965
3 12 12 1 0 4 200 300 -1 0.5
3 12 12 1 0 4 200 300 0.5 0.6
3 12 12 1 0 4 200 300 0.8 0.83
3 12 12 1 0 4 200 300 0.85 0.88
3 12 12 1 0 4 200 300 0.89 0.9
3 12 12 1 0 4 200 300 0.96 0.965
3 12 12 1 0 4 300 400 0.6 0.7
3 12 12 1 0 4 550 600 0.85 0.88
3 12 12 1 0 4 600 650 -1 0.5
3 12 12 1 0 4 650 700 -1 0.5
3 12 12 1 0 4 650 700 0.925 0.93
3 12 12 1 0 4 700 750 0.6 0.7
3 12 12 1 0 4 700 750 0.88 0.89
3 12 12 1 0 4 800 850 0.6 0.7
3 12 12 1 0 4 850 900 0.83 0.85
3 12 12 1 0 4 900 950 0.85 0.88
3 12 12 1 0 4 900 950 0.995 1
3 12 12 1 0 4 950 1000 0.85 0.88
3 12 12 1 0 4 1000 1050 0.995 1
3 12 12 1 0 4 1100 1200 0.85 0.88
3 12 12 1 0 4 1200 1300 0.7 0.76
3 12 12 1 0 4 1300 1400 0.98 0.985
3 12 12 1 0 4 1500 1600 0.96 0.965
3 12 12 1 0 4 1700 1800 0.93 0.935
3 12 12 1 0 4 1800 2000 0.98 0.985
3 12 12 1 0 4 2000 2500 0.98 0.985
3 14 12 1 0 4 0 200 -1 0.5
3 14 12 1 0 4 0 200 0.5 0.6
3 14 12 1 0 4 0 200 0.6 0.7
3 14 12 1 0 4 0 200 0.7 0.76
3 14 12 1 0 4 0 200 0.76 0.78
3 14 12 1 0 4 0 200 0.78 0.8
3 14 12 1 0 4 0 200 0.8 0.83
3 14 12 1 0 4 0 200 0.83 0.85
3 14 12 1 0 4 0 200 0.85 0.88
3 14 12 1 0 4 0 200 0.88 0.89
3 14 12 1 0 4 0 200 0.89 0.9
3 14 12 1 0 4 0 200 0.9 0.91
3 14 12 1 0 4 0 200 0.91 0.92
3 14 12 1 0 4 0 200 0.92 0.925
3 14 12 1 0 4 0 200 0.925 0.93
3 14 12 1 0 4 0 200 0.93 0.935
3 14 12 1 0 4 0 200 0.935 0.94
3 14 12 1 0 4 0 200 0.945 0.95
3 14 12 1 0 4 0 200 0.95 0.955
3 14 12 1 0 4 0 200 0.955 0.96
3 14 12 1 0 4 0 200 0.96 0.965
3 14 12 1 0 4 0 200 0.965 0.97
3 14 12 1 0 4 0 200 0.97 0.975
3 14 12 1 0 4 0 200 0.975 0.98
3 14 12 1 0 4 0 200 0.98 0.985
3 14 12 1 0 4 0 200 0.985 0.99
3 14 12 1 0 4 0 200 0.99 0.995
3 14 12 1 0 4 0 200 0.995 1
3 14 12 1 0 4 200 300 -1 0.5
3 14 12 1 0 4 200 300 0.5 0.6
3 14 12 1 0 4 200 300 0.6 0.7
3 14 12 1 0 4 200 300 0.7 0.76
3 14 12 1 0 4 200 300 0.76 0.78
3 14 12 1 0 4 200 300 0.78 0.8
3 14 12 1 0 4 200 300 0.8 0.83
3 14 12 1 0 4 200 300 0.83 0.85
3 14 12 1 0 4 200 300 0.85 0.88
3 14 12 1 0 4 200 300 0.88 0.89
3 14 12 1 0 4 200 300 0.89 0.9
3 14 12 1 0 4 200 300 0.9 0.91
3 14 12 1 0 4 200 300 0.91 0.92
3 14 12 1 0 4 200 300 0.92 0.925
3 14 12 1 0 4 200 300 0.925 0.93
3 14 12 1 0 4 200 300 0.93 0.935
3 14 12 1 0 4 200 300 0.935 0.94
3 14 12 1 0 4 200 300 0.94 0.945
3 14 12 1 0 4 200 300 0.945 0.95
3 14 12 1 0 4 200 300 0.95 0.955
3 14 12 1 0 4 200 300 0.955 0.96
3 14 12 1 0 4 200 300 0.96 0.965
3 14 12 1 0 4 200 300 0.965 0.97
3 14 12 1 0 4 200 300 0.97 0.975
3 14 12 1 0 4 200 300 0.975 0.98
3 14 12 1 0 4 200 300 0.98 0.985
3 14 12 1 0 4 200 300 0.985 0.99
3 14 12 1 0 4 200 300 0.99 0.995
3 14 12 1 0 4 200 300 0.995 1
3 14 12 1 0 4 300 400 -1 0.5
3 14 12 1 0 4 300 400 0.5 0.6
3 14 12 1 0 4 300 400 0.6 0.7
3 14 12 1 0 4 300 400 0.7 0.76
3 14 12 1 0 4 300 400 0.76 0.78
3 14 12 1 0 4 300 400 0.78 0.8
3 14 12 1 0 4 300 400 0.8 0.83
3 14 12 1 0 4 300 400 0.83 0.85
3 14 12 1 0 4 300 400 0.85 0.88
3 14 12 1 0 4 300 400 0.88 0.89
3 14 12 1 0 4 300 400 0.89 0.9
3 14 12 1 0 4 300 400 0.9 0.91
3 14 12 1 0 4 300 400 0.91 0.92
3 14 12 1 0 4 300 400 0.92 0.925
3 14 12 1 0 4 300 400 0.925 0.93
3 14 12 1 0 4 300 400 0.93 0.935
3 14 12 1 0 4 300 400 0.935 0.94
3 14 12 1 0 4 300 400 0.94 0.945
3 14 12 1 0 4 300 400 0.945 0.95
3 14 12 1 0 4 300 400 0.95 0.955
3 14 12 1 0 4 300 400 0.955 0.96
3 14 12 1 0 4 300 400 0.96 0.965
3 14 12 1 0 4 300 400 0.965 0.97
3 14 12 1 0 4 300 400 0.97 0.975
3 14 12 1 0 4 300 400 0.975 0.98
3 14 12 1 0 4 300 400 0.98 0.985
3 14 12 1 0 4 300 400 0.985 0.99
3 14 12 1 0 4 300 400 0.99 0.995
3 14 12 1 0 4 300 400 0.995 1
3 14 12 1 0 4 400 450 -1 0.5
3 14 12 1 0 4 400 450 0.5 0.6
3 14 12 1 0 4 400 450 0.6 0.7
3 14 12 1 0 4 400 450 0.7 0.76
3 14 12 1 0 4 400 450 0.76 0.78
3 14 12 1 0 4 400 450 0.78 0.8
3 14 12 1 0 4 400 450 0.8 0.83
3 14 12 1 0 4 400 450 0.83 0.85
3 14 12 1 0 4 400 450 0.85 0.88
3 14 12 1 0 4 400 450 0.88 0.89
3 14 12 1 0 4 400 450 0.89 0.9
3 14 12 1 0 4 400 450 0.9 0.91
3 14 12 1 0 4 400 450 0.91 0.92
3 14 12 1 0 4 400 450 0.92 0.925
3 14 12 1 0 4 400 450 0.925 0.93
3 14 12 1 0 4 400 450 0.93 0.935
3 14 12 1 0 4 400 450 0.935 0.94
3 14 12 1 0 4 400 450 0.94 0.945
3 14 12 1 0 4 400 450 0.945 0.95
3 14 12 1 0 4 400 450 0.95 0.955
3 14 12 1 0 4 400 450 0.955 0.96
3 14 12 1 0 4 400 450 0.96 0.965
3 14 12 1 0 4 400 450 0.965 0.97
3 14 12 1 0 4 400 450 0.97 0.975
3 14 12 1 0 4 400 450 0.975 0.98
3 14 12 1 0 4 400 450 0.98 0.985
3 14 12 1 0 4 400 450 0.985 0.99
3 14 12 1 0 4 400 450 0.99 0.995
3 14 12 1 0 4 400 450 0.995 1
3 14 12 1 0 4 450 500 -1 0.5
3 14 12 1 0 4 450 500 0.5 0.6
3 14 12 1 0 4 450 500 0.6 0.7
3 14 12 1 0 4 450 500 0.7 0.76
3 14 12 1 0 4 450 500 0.76 0.78
3 14 12 1 0 4 450 500 0.78 0.8
3 14 12 1 0 4 450 500 0.8 0.83
3 14 12 1 0 4 450 500 0.83 0.85
3 14 12 1 0 4 450 500 0.85 0.88
3 14 12 1 0 4 450 500 0.88 0.89
3 14 12 1 0 4 450 500 0.89 0.9
3 14 12 1 0 4 450 500 0.9 0.91
3 14 12 1 0 4 450 500 0.91 0.92
3 14 12 1 0 4 450 500 0.92 0.925
3 14 12 1 0 4 450 500 0.925 0.93
3 14 12 1 0 4 450 500 0.93 0.935
3 14 12 1 0 4 450 500 0.935 0.94
3 14 12 1 0 4 450 500 0.94 0.945
3 14 12 1 0 4 450 500 0.945 0.95
3 14 12 1 0 4 450 500 0.95 0.955
3 14 12 1 0 4 450 500 0.955 0.96
3 14 12 1 0 4 450 500 0.96 0.965
3 14 12 1 0 4 450 500 0.965 0.97
3 14 12 1 0 4 450 500 0.97 0.975
3 14 12 1 0 4 450 500 0.975 0.98
3 14 12 1 0 4 450 500 0.98 0.985
3 14 12 1 0 4 450 500 0.985 0.99
3 14 12 1 0 4 450 500 0.99 0.995
3 14 12 1 0 4 450 500 0.995 1
3 14 12 1 0 4 500 550 -1 0.5
3 14 12 1 0 4 500 550 0.5 0.6
3 14 12 1 0 4 500 550 0.6 0.7
3 14 12 1 0 4 500 550 0.7 0.76
3 14 12 1 0 4 500 550 0.76 0.78
3 14 12 1 0 4 500 550 0.78 0.8
3 14 12 1 0 4 500 550 0.8 0.83
3 14 12 1 0 4 500 550 0.83 0.85
3 14 12 1 0 4 500 550 0.85 0.88
3 14 12 1 0 4 500 550 0.88 0.89
3 14 12 1 0 4 500 550 0.89 0.9
3 14 12 1 0 4 500 550 0.9 0.91
3 14 12 1 0 4 500 550 0.91 0.92
3 14 12 1 0 4 500 550 0.92 0.925
3 14 12 1 0 4 500 550 0.925 0.93
3 14 12 1 0 4 500 550 0.93 0.935
3 14 12 1 0 4 500 550 0.935 0.94
3 14 12 1 0 4 500 550 0.94 0.945
3 14 12 1 0 4 500 550 0.945 0.95
3 14 12 1 0 4 500 550 0.95 0.955
3 14 12 1 0 4 500 550 0.955 0.96
3 14 12 1 0 4 500 550 0.96 0.965
3 14 12 1 0 4 500 550 0.965 0.97
3 14 12 1 0 4 500 550 0.97 0.975
3 14 12 1 0 4 500 550 0.975 0.98
3 14 12 1 0 4 500 550 0.98 0.985
3 14 12 1 0 4 500 550 0.985 0.99
3 14 12 1 0 4 500 550 0.99 0.995
3 14 12 1 0 4 500 550 0.995 1
3 14 12 1 0 4 550 600 -1 0.5
3 14 12 1 0 4 550 600 0.5 0.6
3 14 12 1 0 4 550 600 0.6 0.7
3 14 12 1 0 4 550 600 0.7 0.76
3 14 12 1 0 4 550 600 0.76 0.78
3 14 12 1 0 4 550 600 0.78 0.8
3 14 12 1 0 4 550 600 0.8 0.83
3 14 12 1 0 4 550 600 0.83 0.85
3 14 12 1 0 4 550 600 0.85 0.88
3 14 12 1 0 4 550 600 0.88 0.89
3 14 12 1 0 4 550 600 0.89 0.9
3 14 12 1 0 4 550 600 0.9 0.91
3 14 12 1 0 4 550 600 0.91 0.92
3 14 12 1 0 4 550 600 0.92 0.925
3 14 12 1 0 4 550 600 0.925 0.93
3 14 12 1 0 4 550 600 0.93 0.935
3 14 12 1 0 4 550 600 0.935 0.94
3 14 12 1 0 4 550 600 0.94 0.945
3 14 12 1 0 4 550 600 0.945 0.95
3 14 12 1 0 4 550 600 0.95 0.955
3 14 12 1 0 4 550 600 0.955 0.96
3 14 12 1 0 4 550 600 0.96 0.965
3 14 12 1 0 4 550 600 0.965 0.97
3 14 12 1 0 4 550 600 0.97 0.975
3 14 12 1 0 4 550 600 0.975 0.98
3 14 12 1 0 4 550 600 0.98 0.985
3 14 12 1 0 4 550 600 0.985 0.99
3 14 12 1 0 4 550 600 0.99 0.995
3 14 12 1 0 4 550 600 0.995 1
3 14 12 1 0 4 600 650 -1 0.5
3 14 12 1 0 4 600 650 0.5 0.6
3 14 12 1 0 4 600 650 0.6 0.7
3 14 12 1 0 4 600 650 0.7 0.76
3 14 12 1 0 4 600 650 0.76 0.78
3 14 12 1 0 4 600 650 0.78 0.8
3 14 12 1 0 4 600 650 0.8 0.83
3 14 12 1 0 4 600 650 0.83 0.85
3 14 12 1 0 4 600 650 0.85 0.88
3 14 12 1 0 4 600 650 0.88 0.89
3 14 12 1 0 4 600 650 0.89 0.9
3 14 12 1 0 4 600 650 0.9 0.91
3 14 12 1 0 4 600 650 0.91 0.92
3 14 12 1 0 4 600 650 0.92 0.925
3 14 12 1 0 4 600 650 0.925 0.93
3 14 12 1 0 4 600 650 0.93 0.935
3 14 12 1 0 4 600 650 0.935 0.94
3 14 12 1 0 4 600 650 0.94 0.945
3 14 12 1 0 4 600 650 0.945 0.95
3 14 12 1 0 4 600 650 0.95 0.955
3 14 12 1 0 4 600 650 0.955 0.96
3 14 12 1 0 4 600 650 0.96 0.965
3 14 12 1 0 4 600 650 0.965 0.97
3 14 12 1 0 4 600 650 0.97 0.975
3 14 12 1 0 4 600 650 0.975 0.98
3 14 12 1 0 4 600 650 0.98 0.985
3 14 12 1 0 4 600 650 0.985 0.99
3 14 12 1 0 4 600 650 0.99 0.995
3 14 12 1 0 4 600 650 0.995 1
3 14 12 1 0 4 650 700 -1 0.5
3 14 12 1 0 4 650 700 0.5 0.6
3 14 12 1 0 4 650 700 0.6 0.7
3 14 12 1 0 4 650 700 0.7 0.76
3 14 12 1 0 4 650 700 0.76 0.78
3 14 12 1 0 4 650 700 0.78 0.8
3 14 12 1 0 4 650 700 0.8 0.83
3 14 12 1 0 4 650 700 0.83 0.85
3 14 12 1 0 4 650 700 0.85 0.88
3 14 12 1 0 4 650 700 0.88 0.89
3 14 12 1 0 4 650 700 0.89 0.9
3 14 12 1 0 4 650 700 0.9 0.91
3 14 12 1 0 4 650 700 0.91 0.92
3 14 12 1 0 4 650 700 0.92 0.925
3 14 12 1 0 4 650 700 0.925 0.93
3 14 12 1 0 4 650 700 0.93 0.935
3 14 12 1 0 4 650 700 0.935 0.94
3 14 12 1 0 4 650 700 0.94 0.945
3 14 12 1 0 4 650 700 0.945 0.95
3 14 12 1 0 4 650 700 0.95 0.955
3 14 12 1 0 4 650 700 0.955 0.96
3 14 12 1 0 4 650 700 0.96 0.965
3 14 12 1 0 4 650 700 0.965 0.97
3 14 12 1 0 4 650 700 0.97 0.975
3 14 12 1 0 4 650 700 0.975 0.98
3 14 12 1 0 4 650 700 0.98 0.985
3 14 12 1 0 4 650 700 0.985 0.99
3 14 12 1 0 4 650 700 0.99 0.995
3 14 12 1 0 4 650 700 0.995 1
3 14 12 1 0 4 700 750 -1 0.5
3 14 12 1 0 4 700 750 0.5 0.6
3 14 12 1 0 4 700 750 0.6 0.7
3 14 12 1 0 4 700 750 0.7 0.76
3 14 12 1 0 4 700 750 0.76 0.78
3 14 12 1 0 4 700 750 0.78 0.8
3 14 12 1 0 4 700 750 0.8 0.83
3 14 12 1 0 4 700 750 0.83 0.85
3 14 12 1 0 4 700 750 0.85 0.88
3 14 12 1 0 4 700 750 0.88 0.89
3 14 12 1 0 4 700 750 0.89 0.9
3 14 12 1 0 4 700 750 0.9 0.91
3 14 12 1 0 4 700 750 0.91 0.92
3 14 12 1 0 4 700 750 0.92 0.925
3 14 12 1 0 4 700 750 0.925 0.93
3 14 12 1 0 4 700 750 0.93 0.935
3 14 12 1 0 4 700 750 0.935 0.94
3 14 12 1 0 4 700 750 0.94 0.945
3 14 12 1 0 4 700 750 0.945 0.95
3 14 12 1 0 4 700 750 0.95 0.955
3 14 12 1 0 4 700 750 0.955 0.96
3 14 12 1 0 4 700 750 0.96 0.965
3 14 12 1 0 4 700 750 0.965 0.97
3 14 12 1 0 4 700 750 0.97 0.975
3 14 12 1 0 4 700 750 0.975 0.98
3 14 12 1 0 4 700 750 0.98 0.985
3 14 12 1 0 4 700 750 0.985 0.99
3 14 12 1 0 4 700 750 0.99 0.995
3 14 12 1 0 4 700 750 0.995 1
3 14 12 1 0 4 750 800 -1 0.5
3 14 12 1 0 4 750 800 0.5 0.6
3 14 12 1 0 4 750 800 0.6 0.7
3 14 12 1 0 4 750 800 0.7 0.76
3 14 12 1 0 4 750 800 0.76 0.78
3 14 12 1 0 4 750 800 0.78 0.8
3 14 12 1 0 4 750 800 0.8 0.83
3 14 12 1 0 4 750 800 0.83 0.85
3 14 12 1 0 4 750 800 0.85 0.88
3 14 12 1 0 4 750 800 0.88 0.89
3 14 12 1 0 4 750 800 0.89 0.9
3 14 12 1 0 4 750 800 0.9 0.91
3 14 12 1 0 4 750 800 0.91 0.92
3 14 12 1 0 4 750 800 0.92 0.925
3 14 12 1 0 4 750 800 0.925 0.93
3 14 12 1 0 4 750 800 0.93 0.935
3 14 12 1 0 4 750 800 0.935 0.94
3 14 12 1 0 4 750 800 0.94 0.945
3 14 12 1 0 4 750 800 0.945 0.95
3 14 12 1 0 4 750 800 0.95 0.955
3 14 12 1 0 4 750 800 0.955 0.96
3 14 12 1 0 4 750 800 0.96 0.965
3 14 12 1 0 4 750 800 0.965 0.97
3 14 12 1 0 4 750 800 0.97 0.975
3 14 12 1 0 4 750 800 0.975 0.98
3 14 12 1 0 4 750 800 0.98 0.985
3 14 12 1 0 4 750 800 0.985 0.99
3 14 12 1 0 4 750 800 0.99 0.995
3 14 12 1 0 4 750 800 0.995 1
3 14 12 1 0 4 800 850 -1 0.5
3 14 12 1 0 4 800 850 0.5 0.6
3 14 12 1 0 4 800 850 0.6 0.7
3 14 12 1 0 4 800 850 0.7 0.76
3 14 12 1 0 4 800 850 0.76 0.78
3 14 12 1 0 4 800 850 0.78 0.8
3 14 12 1 0 4 800 850 0.8 0.83
3 14 12 1 0 4 800 850 0.83 0.85
3 14 12 1 0 4 800 850 0.85 0.88
3 14 12 1 0 4 800 850 0.88 0.89
3 14 12 1 0 4 800 850 0.89 0.9
3 14 12 1 0 4 800 850 0.9 0.91
3 14 12 1 0 4 800 850 0.91 0.92
3 14 12 1 0 4 800 850 0.92 0.925
3 14 12 1 0 4 800 850 0.925 0.93
3 14 12 1 0 4 800 850 0.93 0.935
3 14 12 1 0 4 800 850 0.935 0.94
3 14 12 1 0 4 800 850 0.94 0.945
3 14 12 1 0 4 800 850 0.945 0.95
3 14 12 1 0 4 800 850 0.95 0.955
3 14 12 1 0 4 800 850 0.955 0.96
3 14 12 1 0 4 800 850 0.96 0.965
3 14 12 1 0 4 800 850 0.965 0.97
3 14 12 1 0 4 800 850 0.97 0.975
3 14 12 1 0 4 800 850 0.975 0.98
3 14 12 1 0 4 800 850 0.98 0.985
3 14 12 1 0 4 800 850 0.985 0.99
3 14 12 1 0 4 800 850 0.99 0.995
3 14 12 1 0 4 800 850 0.995 1
3 14 12 1 0 4 850 900 -1 0.5
3 14 12 1 0 4 850 900 0.5 0.6
3 14 12 1 0 4 850 900 0.6 0.7
3 14 12 1 0 4 850 900 0.7 0.76
3 14 12 1 0 4 850 900 0.76 0.78
3 14 12 1 0 4 850 900 0.78 0.8
3 14 12 1 0 4 850 900 0.8 0.83
3 14 12 1 0 4 850 900 0.83 0.85
3 14 12 1 0 4 850 900 0.85 0.88
3 14 12 1 0 4 850 900 0.88 0.89
3 14 12 1 0 4 850 900 0.89 0.9
3 14 12 1 0 4 850 900 0.9 0.91
3 14 12 1 0 4 850 900 0.91 0.92
3 14 12 1 0 4 850 900 0.92 0.925
3 14 12 1 0 4 850 900 0.925 0.93
3 14 12 1 0 4 850 900 0.93 0.935
3 14 12 1 0 4 850 900 0.935 0.94
3 14 12 1 0 4 850 900 0.94 0.945
3 14 12 1 0 4 850 900 0.945 0.95
3 14 12 1 0 4 850 900 0.95 0.955
3 14 12 1 0 4 850 900 0.955 0.96
3 14 12 1 0 4 850 900 0.96 0.965
3 14 12 1 0 4 850 900 0.965 0.97
3 14 12 1 0 4 850 900 0.97 0.975
3 14 12 1 0 4 850 900 0.975 0.98
3 14 12 1 0 4 850 900 0.98 0.985
3 14 12 1 0 4 850 900 0.985 0.99
3 14 12 1 0 4 850 900 0.99 0.995
3 14 12 1 0 4 850 900 0.995 1
3 14 12 1 0 4 900 950 -1 0.5
3 14 12 1 0 4 900 950 0.5 0.6
3 14 12 1 0 4 900 950 0.6 0.7
3 14 12 1 0 4 900 950 0.7 0.76
3 14 12 1 0 4 900 950 0.76 0.78
3 14 12 1 0 4 900 950 0.78 0.8
3 14 12 1 0 4 900 950 0.8 0.83
3 14 12 1 0 4 900 950 0.83 0.85
3 14 12 1 0 4 900 950 0.85 0.88
3 14 12 1 0 4 900 950 0.88 0.89
3 14 12 1 0 4 900 950 0.89 0.9
3 14 12 1 0 4 900 950 0.9 0.91
3 14 12 1 0 4 900 950 0.91 0.92
3 14 12 1 0 4 900 950 0.92 0.925
3 14 12 1 0 4 900 950 0.925 0.93
3 14 12 1 0 4 900 950 0.93 0.935
3 14 12 1 0 4 900 950 0.935 0.94
3 14 12 1 0 4 900 950 0.94 0.945
3 14 12 1 0 4 900 950 0.945 0.95
3 14 12 1 0 4 900 950 0.95 0.955
3 14 12 1 0 4 900 950 0.955 0.96
3 14 12 1 0 4 900 950 0.96 0.965
3 14 12 1 0 4 900 950 0.965 0.97
3 14 12 1 0 4 900 950 0.97 0.975
3 14 12 1 0 4 900 950 0.975 0.98
3 14 12 1 0 4 900 950 0.98 0.985
3 14 12 1 0 4 900 950 0.985 0.99
3 14 12 1 0 4 900 950 0.99 0.995
3 14 12 1 0 4 900 950 0.995 1
3 14 12 1 0 4 950 1000 -1 0.5
3 14 12 1 0 4 950 1000 0.5 0.6
3 14 12 1 0 4 950 1000 0.6 0.7
3 14 12 1 0 4 950 1000 0.7 0.76
3 14 12 1 0 4 950 1000 0.76 0.78
3 14 12 1 0 4 950 1000 0.78 0.8
3 14 12 1 0 4 950 1000 0.8 0.83
3 14 12 1 0 4 950 1000 0.83 0.85
3 14 12 1 0 4 950 1000 0.85 0.88
3 14 12 1 0 4 950 1000 0.88 0.89
3 14 12 1 0 4 950 1000 0.89 0.9
3 14 12 1 0 4 950 1000 0.9 0.91
3 14 12 1 0 4 950 1000 0.91 0.92
3 14 12 1 0 4 950 1000 0.92 0.925
3 14 12 1 0 4 950 1000 0.925 0.93
3 14 12 1 0 4 950 1000 0.93 0.935
3 14 12 1 0 4 950 1000 0.935 0.94
3 14 12 1 0 4 950 1000 0.94 0.945
3 14 12 1 0 4 950 1000 0.945 0.95
3 14 12 1 0 4 950 1000 0.95 0.955
3 14 12 1 0 4 950 1000 0.955 0.96
3 14 12 1 0 4 950 1000 0.96 0.965
3 14 12 1 0 4 950 1000 0.965 0.97
3 14 12 1 0 4 950 1000 0.97 0.975
3 14 12 1 0 4 950 1000 0.975 0.98
3 14 12 1 0 4 950 1000 0.98 0.985
3 14 12 1 0 4 950 1000 0.985 0.99
3 14 12 1 0 4 950 1000 0.99 0.995
3 14 12 1 0 4 950 1000 0.995 1
3 14 12 1 0 4 1000 1050 -1 0.5
3 14 12 1 0 4 1000 1050 0.5 0.6
3 14 12 1 0 4 1000 1050 0.6 0.7
3 14 12 1 0 4 1000 1050 0.7 0.76
3 14 12 1 0 4 1000 1050 0.76 0.78
3 14 12 1 0 4 1000 1050 0.78 0.8
3 14 12 1 0 4 1000 1050 0.8 0.83
3 14 12 1 0 4 1000 1050 0.83 0.85
3 14 12 1 0 4 1000 1050 0.85 0.88
3 14 12 1 0 4 1000 1050 0.88 0.89
3 14 12 1 0 4 1000 1050 0.89 0.9
3 14 12 1 0 4 1000 1050 0.9 0.91
3 14 12 1 0 4 1000 1050 0.91 0.92
3 14 12 1 0 4 1000 1050 0.92 0.925
3 14 12 1 0 4 1000 1050 0.925 0.93
3 14 12 1 0 4 1000 1050 0.93 0.935
3 14 12 1 0 4 1000 1050 0.935 0.94
3 14 12 1 0 4 1000 1050 0.94 0.945
3 14 12 1 0 4 1000 1050 0.945 0.95
3 14 12 1 0 4 1000 1050 0.95 0.955
3 14 12 1 0 4 1000 1050 0.955 0.96
3 14 12 1 0 4 1000 1050 0.96 0.965
3 14 12 1 0 4 1000 1050 0.965 0.97
3 14 12 1 0 4 1000 1050 0.97 0.975
3 14 12 1 0 4 1000 1050 0.975 0.98
3 14 12 1 0 4 1000 1050 0.98 0.985
3 14 12 1 0 4 1000 1050 0.985 0.99
3 14 12 1 0 4 1000 1050 0.99 0.995
3 14 12 1 0 4 1000 1050 0.995 1
3 14 12 1 0 4 1050 1100 -1 0.5
3 14 12 1 0 4 1050 1100 0.5 0.6
3 14 12 1 0 4 1050 1100 0.6 0.7
3 14 12 1 0 4 1050 1100 0.7 0.76
3 14 12 1 0 4 1050 1100 0.76 0.78
3 14 12 1 0 4 1050 1100 0.78 0.8
3 14 12 1 0 4 1050 1100 0.8 0.83
3 14 12 1 0 4 1050 1100 0.83 0.85
3 14 12 1 0 4 1050 1100 0.85 0.88
3 14 12 1 0 4 1050 1100 0.88 0.89
3 14 12 1 0 4 1050 1100 0.89 0.9
3 14 12 1 0 4 1050 1100 0.9 0.91
3 14 12 1 0 4 1050 1100 0.91 0.92
3 14 12 1 0 4 1050 1100 0.92 0.925
3 14 12 1 0 4 1050 1100 0.925 0.93
3 14 12 1 0 4 1050 1100 0.93 0.935
3 14 12 1 0 4 1050 1100 0.935 0.94
3 14 12 1 0 4 1050 1100 0.94 0.945
3 14 12 1 0 4 1050 1100 0.945 0.95
3 14 12 1 0 4 1050 1100 0.95 0.955
3 14 12 1 0 4 1050 1100 0.955 0.96
3 14 12 1 0 4 1050 1100 0.96 0.965
3 14 12 1 0 4 1050 1100 0.965 0.97
3 14 12 1 0 4 1050 1100 0.97 0.975
3 14 12 1 0 4 1050 1100 0.975 0.98
3 14 12 1 0 4 1050 1100 0.98 0.985
3 14 12 1 0 4 1050 1100 0.985 0.99
3 14 12 1 0 4 1050 1100 0.99 0.995
3 14 12 1 0 4 1050 1100 0.995 1
3 14 12 1 0 4 1100 1200 -1 0.5
3 14 12 1 0 4 1100 1200 0.5 0.6
3 14 12 1 0 4 1100 1200 0.6 0.7
3 14 12 1 0 4 1100 1200 0.7 0.76
3 14 12 1 0 4 1100 1200 0.76 0.78
3 14 12 1 0 4 1100 1200 0.78 0.8
3 14 12 1 0 4 1100 1200 0.8 0.83
3 14 12 1 0 4 1100 1200 0.83 0.85
3 14 12 1 0 4 1100 1200 0.85 0.88
3 14 12 1 0 4 1100 1200 0.88 0.89
3 14 12 1 0 4 1100 1200 0.89 0.9
3 14 12 1 0 4 1100 1200 0.9 0.91
3 14 12 1 0 4 1100 1200 0.91 0.92
3 14 12 1 0 4 1100 1200 0.92 0.925
3 14 12 1 0 4 1100 1200 0.925 0.93
3 14 12 1 0 4 1100 1200 0.93 0.935
3 14 12 1 0 4 1100 1200 0.935 0.94
3 14 12 1 0 4 1100 1200 0.94 0.945
3 14 12 1 0 4 1100 1200 0.945 0.95
3 14 12 1 0 4 1100 1200 0.95 0.955
3 14 12 1 0 4 1100 1200 0.955 0.96
3 14 12 1 0 4 1100 1200 0.96 0.965
3 14 12 1 0 4 1100 1200 0.965 0.97
3 14 12 1 0 4 1100 1200 0.97 0.975
3 14 12 1 0 4 1100 1200 0.975 0.98
3 14 12 1 0 4 1100 1200 0.98 0.985
3 14 12 1 0 4 1100 1200 0.985 0.99
3 14 12 1 0 4 1100 1200 0.99 0.995
3 14 12 1 0 4 1100 1200 0.995 1
3 14 12 1 0 4 1200 1300 -1 0.5
3 14 12 1 0 4 1200 1300 0.5 0.6
3 14 12 1 0 4 1200 1300 0.6 0.7
3 14 12 1 0 4 1200 1300 0.7 0.76
3 14 12 1 0 4 1200 1300 0.76 0.78
3 14 12 1 0 4 1200 1300 0.78 0.8
3 14 12 1 0 4 1200 1300 0.8 0.83
3 14 12 1 0 4 1200 1300 0.83 0.85
3 14 12 1 0 4 1200 1300 0.85 0.88
3 14 12 1 0 4 1200 1300 0.88 0.89
3 14 12 1 0 4 1200 1300 0.89 0.9
3 14 12 1 0 4 1200 1300 0.9 0.91
3 14 12 1 0 4 1200 1300 0.91 0.92
3 14 12 1 0 4 1200 1300 0.92 0.925
3 14 12 1 0 4 1200 1300 0.925 0.93
3 14 12 1 0 4 1200 1300 0.93 0.935
3 14 12 1 0 4 1200 1300 0.935 0.94
3 14 12 1 0 4 1200 1300 0.94 0.945
3 14 12 1 0 4 1200 1300 0.945 0.95
3 14 12 1 0 4 1200 1300 0.95 0.955
3 14 12 1 0 4 1200 1300 0.955 0.96
3 14 12 1 0 4 1200 1300 0.96 0.965
3 14 12 1 0 4 1200 1300 0.965 0.97
3 14 12 1 0 4 1200 1300 0.97 0.975
3 14 12 1 0 4 1200 1300 0.975 0.98
3 14 12 1 0 4 1200 1300 0.98 0.985
3 14 12 1 0 4 1200 1300 0.985 0.99
3 14 12 1 0 4 1200 1300 0.99 0.995
3 14 12 1 0 4 1200 1300 0.995 1
3 14 12 1 0 4 1300 1400 -1 0.5
3 14 12 1 0 4 1300 1400 0.5 0.6
3 14 12 1 0 4 1300 1400 0.6 0.7
3 14 12 1 0 4 1300 1400 0.7 0.76
3 14 12 1 0 4 1300 1400 0.76 0.78
3 14 12 1 0 4 1300 1400 0.78 0.8
3 14 12 1 0 4 1300 1400 0.8 0.83
3 14 12 1 0 4 1300 1400 0.83 0.85
3 14 12 1 0 4 1300 1400 0.85 0.88
3 14 12 1 0 4 1300 1400 0.88 0.89
3 14 12 1 0 4 1300 1400 0.89 0.9
3 14 12 1 0 4 1300 1400 0.9 0.91
3 14 12 1 0 4 1300 1400 0.91 0.92
3 14 12 1 0 4 1300 1400 0.92 0.925
3 14 12 1 0 4 1300 1400 0.925 0.93
3 14 12 1 0 4 1300 1400 0.93 0.935
3 14 12 1 0 4 1300 1400 0.935 0.94
3 14 12 1 0 4 1300 1400 0.94 0.945
3 14 12 1 0 4 1300 1400 0.945 0.95
3 14 12 1 0 4 1300 1400 0.95 0.955
3 14 12 1 0 4 1300 1400 0.955 0.96
3 14 12 1 0 4 1300 1400 0.96 0.965
3 14 12 1 0 4 1300 1400 0.965 0.97
3 14 12 1 0 4 1300 1400 0.97 0.975
3 14 12 1 0 4 1300 1400 0.975 0.98
3 14 12 1 0 4 1300 1400 0.98 0.985
3 14 12 1 0 4 1300 1400 0.985 0.99
3 14 12 1 0 4 1300 1400 0.99 0.995
3 14 12 1 0 4 1300 1400 0.995 1
3 14 12 1 0 4 1400 1500 -1 0.5
3 14 12 1 0 4 1400 1500 0.5 0.6
3 14 12 1 0 4 1400 1500 0.6 0.7
3 14 12 1 0 4 1400 1500 0.7 0.76
3 14 12 1 0 4 1400 1500 0.76 0.78
3 14 12 1 0 4 1400 1500 0.78 0.8
3 14 12 1 0 4 1400 1500 0.8 0.83
3 14 12 1 0 4 1400 1500 0.83 0.85
3 14 12 1 0 4 1400 1500 0.85 0.88
3 14 12 1 0 4 1400 1500 0.88 0.89
3 14 12 1 0 4 1400 1500 0.89 0.9
3 14 12 1 0 4 1400 1500 0.9 0.91
3 14 12 1 0 4 1400 1500 0.91 0.92
3 14 12 1 0 4 1400 1500 0.92 0.925
3 14 12 1 0 4 1400 1500 0.925 0.93
3 14 12 1 0 4 1400 1500 0.93 0.935
3 14 12 1 0 4 1400 1500 0.935 0.94
3 14 12 1 0 4 1400 1500 0.94 0.945
3 14 12 1 0 4 1400 1500 0.945 0.95
3 14 12 1 0 4 1400 1500 0.95 0.955
3 14 12 1 0 4 1400 1500 0.955 0.96
3 14 12 1 0 4 1400 1500 0.96 0.965
3 14 12 1 0 4 1400 1500 0.965 0.97
3 14 12 1 0 4 1400 1500 0.97 0.975
3 14 12 1 0 4 1400 1500 0.975 0.98
3 14 12 1 0 4 1400 1500 0.98 0.985
3 14 12 1 0 4 1400 1500 0.985 0.99
3 14 12 1 0 4 1400 1500 0.99 0.995
3 14 12 1 0 4 1400 1500 0.995 1
3 14 12 1 0 4 1500 1600 -1 0.5
3 14 12 1 0 4 1500 1600 0.5 0.6
3 14 12 1 0 4 1500 1600 0.6 0.7
3 14 12 1 0 4 1500 1600 0.7 0.76
3 14 12 1 0 4 1500 1600 0.76 0.78
3 14 12 1 0 4 1500 1600 0.78 0.8
3 14 12 1 0 4 1500 1600 0.8 0.83
3 14 12 1 0 4 1500 1600 0.83 0.85
3 14 12 1 0 4 1500 1600 0.85 0.88
3 14 12 1 0 4 1500 1600 0.88 0.89
3 14 12 1 0 4 1500 1600 0.89 0.9
3 14 12 1 0 4 1500 1600 0.9 0.91
3 14 12 1 0 4 1500 1600 0.91 0.92
3 14 12 1 0 4 1500 1600 0.92 0.925
3 14 12 1 0 4 1500 1600 0.925 0.93
3 14 12 1 0 4 1500 1600 0.93 0.935
3 14 12 1 0 4 1500 1600 0.935 0.94
3 14 12 1 0 4 1500 1600 0.94 0.945
3 14 12 1 0 4 1500 1600 0.945 0.95
3 14 12 1 0 4 1500 1600 0.95 0.955
3 14 12 1 0 4 1500 1600 0.955 0.96
3 14 12 1 0 4 1500 1600 0.96 0.965
3 14 12 1 0 4 1500 1600 0.965 0.97
3 14 12 1 0 4 1500 1600 0.97 0.975
3 14 12 1 0 4 1500 1600 0.975 0.98
3 14 12 1 0 4 1500 1600 0.98 0.985
3 14 12 1 0 4 1500 1600 0.985 0.99
3 14 12 1 0 4 1500 1600 0.99 0.995
3 14 12 1 0 4 1500 1600 0.995 1
3 14 12 1 0 4 1600 1700 -1 0.5
3 14 12 1 0 4 1600 1700 0.5 0.6
3 14 12 1 0 4 1600 1700 0.6 0.7
3 14 12 1 0 4 1600 1700 0.7 0.76
3 14 12 1 0 4 1600 1700 0.76 0.78
3 14 12 1 0 4 1600 1700 0.78 0.8
3 14 12 1 0 4 1600 1700 0.8 0.83
3 14 12 1 0 4 1600 1700 0.83 0.85
3 14 12 1 0 4 1600 1700 0.85 0.88
3 14 12 1 0 4 1600 1700 0.88 0.89
3 14 12 1 0 4 1600 1700 0.89 0.9
3 14 12 1 0 4 1600 1700 0.9 0.91
3 14 12 1 0 4 1600 1700 0.91 0.92
3 14 12 1 0 4 1600 1700 0.92 0.925
3 14 12 1 0 4 1600 1700 0.925 0.93
3 14 12 1 0 4 1600 1700 0.93 0.935
3 14 12 1 0 4 1600 1700 0.935 0.94
3 14 12 1 0 4 1600 1700 0.94 0.945
3 14 12 1 0 4 1600 1700 0.945 0.95
3 14 12 1 0 4 1600 1700 0.95 0.955
3 14 12 1 0 4 1600 1700 0.955 0.96
3 14 12 1 0 4 1600 1700 0.96 0.965
3 14 12 1 0 4 1600 1700 0.965 0.97
3 14 12 1 0 4 1600 1700 0.97 0.975
3 14 12 1 0 4 1600 1700 0.975 0.98
3 14 12 1 0 4 1600 1700 0.98 0.985
3 14 12 1 0 4 1600 1700 0.985 0.99
3 14 12 1 0 4 1600 1700 0.99 0.995
3 14 12 1 0 4 1600 1700 0.995 1
3 14 12 1 0 4 1700 1800 -1 0.5
3 14 12 1 0 4 1700 1800 0.6 0.7
3 14 12 1 0 4 1700 1800 0.7 0.76
3 14 12 1 0 4 1700 1800 0.76 0.78
3 14 12 1 0 4 1700 1800 0.78 0.8
3 14 12 1 0 4 1700 1800 0.8 0.83
3 14 12 1 0 4 1700 1800 0.83 0.85
3 14 12 1 0 4 1700 1800 0.85 0.88
3 14 12 1 0 4 1700 1800 0.88 0.89
3 14 12 1 0 4 1700 1800 0.89 0.9
3 14 12 1 0 4 1700 1800 0.9 0.91
3 14 12 1 0 4 1700 1800 0.91 0.92
3 14 12 1 0 4 1700 1800 0.92 0.925
3 14 12 1 0 4 1700 1800 0.925 0.93
3 14 12 1 0 4 1700 1800 0.93 0.935
3 14 12 1 0 4 1700 1800 0.935 0.94
3 14 12 1 0 4 1700 1800 0.94 0.945
3 14 12 1 0 4 1700 1800 0.945 0.95
3 14 12 1 0 4 1700 1800 0.95 0.955
3 14 12 1 0 4 1700 1800 0.955 0.96
3 14 12 1 0 4 1700 1800 0.96 0.965
3 14 12 1 0 4 1700 1800 0.965 0.97
3 14 12 1 0 4 1700 1800 0.97 0.975
3 14 12 1 0 4 1700 1800 0.975 0.98
3 14 12 1 0 4 1700 1800 0.98 0.985
3 14 12 1 0 4 1700 1800 0.985 0.99
3 14 12 1 0 4 1700 1800 0.99 0.995
3 14 12 1 0 4 1700 1800 0.995 1
3 14 12 1 0 4 1800 2000 -1 0.5
3 14 12 1 0 4 1800 2000 0.5 0.6
3 14 12 1 0 4 1800 2000 0.6 0.7
3 14 12 1 0 4 1800 2000 0.7 0.76
3 14 12 1 0 4 1800 2000 0.76 0.78
3 14 12 1 0 4 1800 2000 0.78 0.8
3 14 12 1 0 4 1800 2000 0.8 0.83
3 14 12 1 0 4 1800 2000 0.83 0.85
3 14 12 1 0 4 1800 2000 0.85 0.88
3 14 12 1 0 4 1800 2000 0.88 0.89
3 14 12 1 0 4 1800 2000 0.89 0.9
3 14 12 1 0 4 1800 2000 0.9 0.91
3 14 12 1 0 4 1800 2000 0.91 0.92
3 14 12 1 0 4 1800 2000 0.92 0.925
3 14 12 1 0 4 1800 2000 0.925 0.93
3 14 12 1 0 4 1800 2000 0.93 0.935
3 14 12 1 0 4 1800 2000 0.935 0.94
3 14 12 1 0 4 1800 2000 0.94 0.945
3 14 12 1 0 4 1800 2000 0.945 0.95
3 14 12 1 0 4 1800 2000 0.95 0.955
3 14 12 1 0 4 1800 2000 0.955 0.96
3 14 12 1 0 4 1800 2000 0.96 0.965
3 14 12 1 0 4 1800 2000 0.965 0.97
3 14 12 1 0 4 1800 2000 0.97 0.975
3 14 12 1 0 4 1800 2000 0.975 0.98
3 14 12 1 0 4 1800 2000 0.98 0.985
3 14 12 1 0 4 1800 2000 0.985 0.99
3 14 12 1 0 4 1800 2000 0.99 0.995
3 14 12 1 0 4 1800 2000 0.995 1
3 14 12 1 0 4 2000 2500 -1 0.5
3 14 12 1 0 4 2000 2500 0.5 0.6
3 14 12 1 0 4 2000 2500 0.6 0.7
3 14 12 1 0 4 2000 2500 0.7 0.76
3 14 12 1 0 4 2000 2500 0.76 0.78
3 14 12 1 0 4 2000 2500 0.78 0.8
3 14 12 1 0 4 2000 2500 0.8 0.83
3 14 12 1 0 4 2000 2500 0.83 0.85
3 14 12 1 0 4 2000 2500 0.85 0.88
3 14 12 1 0 4 2000 2500 0.88 0.89
3 14 12 1 0 4 2000 2500 0.89 0.9
3 14 12 1 0 4 2000 2500 0.9 0.91
3 14 12 1 0 4 2000 2500 0.91 0.92
3 14 12 1 0 4 2000 2500 0.92 0.925
3 14 12 1 0 4 2000 2500 0.925 0.93
3 14 12 1 0 4 2000 2500 0.93 0.935
3 14 12 1 0 4 2000 2500 0.935 0.94
3 14 12 1 0 4 2000 2500 0.94 0.945
3 14 12 1 0 4 2000 2500 0.945 0.95
3 14 12 1 0 4 2000 2500 0.95 0.955
3 14 12 1 0 4 2000 2500 0.955 0.96
3 14 12 1 0 4 2000 2500 0.96 0.965
3 14 12 1 0 4 2000 2500 0.965 0.97
3 14 12 1 0 4 2000 2500 0.97 0.975
3 14 12 1 0 4 2000 2500 0.975 0.98
3 14 12 1 0 4 2000 2500 0.98 0.985
3 14 12 1 0 4 2000 2500 0.985 0.99
3 14 12 1 0 4 2000 2500 0.99 0.995
3 14 12 1 0 4 2000 2500 0.995 1
3 14 12 1 0 4 2500 3000 -1 0.5
3 14 12 1 0 4 2500 3000 0.5 0.6
3 14 12 1 0 4 2500 3000 0.6 0.7
3 14 12 1 0 4 2500 3000 0.7 0.76
3 14 12 1 0 4 2500 3000 0.78 0.8
3 14 12 1 0 4 2500 3000 0.8 0.83
3 14 12 1 0 4 2500 3000 0.83 0.85
3 14 12 1 0 4 2500 3000 0.85 0.88
3 14 12 1 0 4 2500 3000 0.88 0.89
3 14 12 1 0 4 2500 3000 0.89 0.9
3 14 12 1 0 4 2500 3000 0.9 0.91
3 14 12 1 0 4 2500 3000 0.91 0.92
3 14 12 1 0 4 2500 3000 0.92 0.925
3 14 12 1 0 4 2500 3000 0.925 0.93
3 14 12 1 0 4 2500 3000 0.93 0.935
3 14 12 1 0 4 2500 3000 0.935 0.94
3 14 12 1 0 4 2500 3000 0.94 0.945
3 14 12 1 0 4 2500 3000 0.945 0.95
3 14 12 1 0 4 2500 3000 0.95 0.955
3 14 12 1 0 4 2500 3000 0.955 0.96
3 14 12 1 0 4 2500 3000 0.96 0.965
3 14 12 1 0 4 2500 3000 0.965 0.97
3 14 12 1 0 4 2500 3000 0.97 0.975
3 14 12 1 0 4 2500 3000 0.975 0.98
3 14 12 1 0 4 2500 3000 0.98 0.985
3 14 12 1 0 4 2500 3000 0.985 0.99
3 14 12 1 0 4 2500 3000 0.99 0.995
3 14 12 1 0 4 2500 3000 0.995 1
3 14 12 1 0 4 3000 5000 -1 0.5
3 14 12 1 0 4 3000 5000 0.6 0.7
3 14 12 1 0 4 3000 5000 0.7 0.76
3 14 12 1 0 4 3000 5000 0.76 0.78
3 14 12 1 0 4 3000 5000 0.78 0.8
3 14 12 1 0 4 3000 5000 0.83 0.85
3 14 12 1 0 4 3000 5000 0.85 0.88
3 14 12 1 0 4 3000 5000 0.88 0.89
3 14 12 1 0 4 3000 5000 0.89 0.9
3 14 12 1 0 4 3000 5000 0.9 0.91
3 14 12 1 0 4 3000 5000 0.91 0.92
3 14 12 1 0 4 3000 5000 0.92 0.925
3 14 12 1 0 4 3000 5000 0.925 0.93
3 14 12 1 0 4 3000 5000 0.93 0.935
3 14 12 1 0 4 3000 5000 0.935 0.94
3 14 12 1 0 4 3000 5000 0.94 0.945
3 14 12 1 0 4 3000 5000 0.945 0.95
3 14 12 1 0 4 3000 5000 0.95 0.955
3 14 12 1 0 4 3000 5000 0.955 0.96
3 14 12 1 0 4 3000 5000 0.96 0.965
3 14 12 1 0 4 3000 5000 0.965 0.97
3 14 12 1 0 4 3000 5000 0.97 0.975
3 14 12 1 0 4 3000 5000 0.975 0.98
3 14 12 1 0 4 3000 5000 0.98 0.985
3 14 12 1 0 4 3000 5000 0.985 0.99
3 14 12 1 0 4 3000 5000 0.99 0.995
3 14 12 1 0 4 3000 5000 0.995 1
3 14 12 1 0 4 5000 30000 0.6 0.7
3 14 12 1 0 4 5000 30000 0.76 0.78
3 14 12 1 0 4 5000 30000 0.78 0.8
3 14 12 1 0 4 5000 30000 0.83 0.85
3 14 12 1 0 4 5000 30000 0.91 0.92
3 14 12 1 0 4 5000 30000 0.93 0.935
3 14 12 1 0 4 5000 30000 0.935 0.94
3 14 12 1 0 4 5000 30000 0.965 0.97
3 14 12 1 0 4 5000 30000 0.97 0.975
3 14 12 1 0 4 5000 30000 0.975 0.98
3 14 12 1 0 4 5000 30000 0.98 0.985
3 14 12 1 0 4 5000 30000 0.985 0.99
3 14 12 1 0 4 5000 30000 0.99 0.995
3 14 12 1 0 4 5000 30000 0.995 1
4 14 12 1 0 4 0 300 -1 0.6
4 14 12 1 0 4 0 300 0.6 0.7
4 14 12 1 0 4 0 300 0.7 0.8
4 14 12 1 0 4 0 300 0.8 0.85
4 14 12 1 0 4 0 300 0.85 0.88
4 14 12 1 0 4 0 300 0.88 0.9
4 14 12 1 0 4 0 300 0.93 0.94
4 14 12 1 0 4 300 350 -1 0.6
4 14 12 1 0 4 300 350 0.6 0.7
4 14 12 1 0 4 300 350 0.7 0.8
4 14 12 1 0 4 300 350 0.8 0.85
4 14 12 1 0 4 300 350 0.85 0.88
4 14 12 1 0 4 300 350 0.88 0.9
4 14 12 1 0 4 300 350 0.9 0.92
4 14 12 1 0 4 300 350 0.93 0.94
4 14 12 1 0 4 300 350 0.96 0.97
4 14 12 1 0 4 350 400 -1 0.6
4 14 12 1 0 4 350 400 0.6 0.7
4 14 12 1 0 4 350 400 0.7 0.8
4 14 12 1 0 4 350 400 0.8 0.85
4 14 12 1 0 4 350 400 0.85 0.88
4 14 12 1 0 4 350 400 0.88 0.9
4 14 12 1 0 4 350 400 0.9 0.92
4 14 12 1 0 4 350 400 0.92 0.93
4 14 12 1 0 4 350 400 0.93 0.94
4 14 12 1 0 4 350 400 0.98 0.99
4 14 12 1 0 4 400 500 -1 0.6
4 14 12 1 0 4 400 500 0.6 0.7
4 14 12 1 0 4 400 500 0.7 0.8
4 14 12 1 0 4 400 500 0.8 0.85
4 14 12 1 0 4 400 500 0.85 0.88
4 14 12 1 0 4 400 500 0.88 0.9
4 14 12 1 0 4 400 500 0.9 0.92
4 14 12 1 0 4 400 500 0.92 0.93
4 14 12 1 0 4 400 500 0.93 0.94
4 14 12 1 0 4 400 500 0.95 0.96
4 14 12 1 0 4 400 500 0.97 0.98
4 14 12 1 0 4 400 500 0.98 0.99
4 14 12 1 0 4 400 500 0.99 0.995
4 14 12 1 0 4 500 600 -1 0.6
4 14 12 1 0 4 500 600 0.6 0.7
4 14 12 1 0 4 500 600 0.7 0.8
4 14 12 1 0 4 500 600 0.8 0.85
4 14 12 1 0 4 500 600 0.85 0.88
4 14 12 1 0 4 500 600 0.88 0.9
4 14 12 1 0 4 500 600 0.9 0.92
4 14 12 1 0 4 500 600 0.92 0.93
4 14 12 1 0 4 500 600 0.93 0.94
4 14 12 1 0 4 500 600 0.94 0.95
4 14 12 1 0 4 500 600 0.95 0.96
4 14 12 1 0 4 500 600 0.96 0.97
4 14 12 1 0 4 500 600 0.97 0.98
4 14 12 1 0 4 500 600 0.98 0.99
4 14 12 1 0 4 500 600 0.995 1
4 14 12 1 0 4 600 650 -1 0.6
4 14 12 1 0 4 600 650 0.6 0.7
4 14 12 1 0 4 600 650 0.7 0.8
4 14 12 1 0 4 600 650 0.8 0.85
4 14 12 1 0 4 600 650 0.85 0.88
4 14 12 1 0 4 600 650 0.88 0.9
4 14 12 1 0 4 600 650 0.9 0.92
4 14 12 1 0 4 600 650 0.92 0.93
4 14 12 1 0 4 600 650 0.93 0.94
4 14 12 1 0 4 600 650 0.94 0.95
4 14 12 1 0 4 600 650 0.95 0.96
4 14 12 1 0 4 600 650 0.96 0.97
4 14 12 1 0 4 600 650 0.97 0.98
4 14 12 1 0 4 600 650 0.98 0.99
4 14 12 1 0 4 600 650 0.995 1
4 14 12 1 0 4 650 700 -1 0.6
4 14 12 1 0 4 650 700 0.6 0.7
4 14 12 1 0 4 650 700 0.7 0.8
4 14 12 1 0 4 650 700 0.8 0.85
4 14 12 1 0 4 650 700 0.85 0.88
4 14 12 1 0 4 650 700 0.88 0.9
4 14 12 1 0 4 650 700 0.9 0.92
4 14 12 1 0 4 650 700 0.92 0.93
4 14 12 1 0 4 650 700 0.93 0.94
4 14 12 1 0 4 650 700 0.94 0.95
4 14 12 1 0 4 650 700 0.95 0.96
4 14 12 1 0 4 650 700 0.96 0.97
4 14 12 1 0 4 650 700 0.97 0.98
4 14 12 1 0 4 650 700 0.98 0.99
4 14 12 1 0 4 650 700 0.99 0.995
4 14 12 1 0 4 650 700 0.995 1
4 14 12 1 0 4 700 750 -1 0.6
4 14 12 1 0 4 700 750 0.6 0.7
4 14 12 1 0 4 700 750 0.7 0.8
4 14 12 1 0 4 700 750 0.8 0.85
4 14 12 1 0 4 700 750 0.85 0.88
4 14 12 1 0 4 700 750 0.88 0.9
4 14 12 1 0 4 700 750 0.9 0.92
4 14 12 1 0 4 700 750 0.92 0.93
4 14 12 1 0 4 700 750 0.93 0.94
4 14 12 1 0 4 700 750 0.94 0.95
4 14 12 1 0 4 700 750 0.95 0.96
4 14 12 1 0 4 700 750 0.96 0.97
4 14 12 1 0 4 700 750 0.97 0.98
4 14 12 1 0 4 700 750 0.99 0.995
4 14 12 1 0 4 750 800 -1 0.6
4 14 12 1 0 4 750 800 0.6 0.7
4 14 12 1 0 4 750 800 0.7 0.8
4 14 12 1 0 4 750 800 0.8 0.85
4 14 12 1 0 4 750 800 0.85 0.88
4 14 12 1 0 4 750 800 0.88 0.9
4 14 12 1 0 4 750 800 0.9 0.92
4 14 12 1 0 4 750 800 0.92 0.93
4 14 12 1 0 4 750 800 0.93 0.94
4 14 12 1 0 4 750 800 0.94 0.95
4 14 12 1 0 4 750 800 0.95 0.96
4 14 12 1 0 4 750 800 0.96 0.97
4 14 12 1 0 4 750 800 0.97 0.98
4 14 12 1 0 4 750 800 0.98 0.99
4 14 12 1 0 4 800 900 -1 0.6
4 14 12 1 0 4 800 900 0.6 0.7
4 14 12 1 0 4 800 900 0.7 0.8
4 14 12 1 0 4 800 900 0.8 0.85
4 14 12 1 0 4 800 900 0.85 0.88
4 14 12 1 0 4 800 900 0.88 0.9
4 14 12 1 0 4 800 900 0.9 0.92
4 14 12 1 0 4 800 900 0.92 0.93
4 14 12 1 0 4 800 900 0.93 0.94
4 14 12 1 0 4 800 900 0.94 0.95
4 14 12 1 0 4 800 900 0.95 0.96
4 14 12 1 0 4 800 900 0.96 0.97
4 14 12 1 0 4 800 900 0.97 0.98
4 14 12 1 0 4 800 900 0.98 0.99
4 14 12 1 0 4 800 900 0.99 0.995
4 14 12 1 0 4 900 1000 -1 0.6
4 14 12 1 0 4 900 1000 0.6 0.7
4 14 12 1 0 4 900 1000 0.7 0.8
4 14 12 1 0 4 900 1000 0.8 0.85
4 14 12 1 0 4 900 1000 0.85 0.88
4 14 12 1 0 4 900 1000 0.88 0.9
4 14 12 1 0 4 900 1000 0.9 0.92
4 14 12 1 0 4 900 1000 0.92 0.93
4 14 12 1 0 4 900 1000 0.94 0.95
4 14 12 1 0 4 900 1000 0.95 0.96
4 14 12 1 0 4 900 1000 0.96 0.97
4 14 12 1 0 4 900 1000 0.97 0.98
4 14 12 1 0 4 900 1000 0.98 0.99
4 14 12 1 0 4 1000 1100 -1 0.6
4 14 12 1 0 4 1000 1100 0.6 0.7
4 14 12 1 0 4 1000 1100 0.7 0.8
4 14 12 1 0 4 1000 1100 0.8 0.85
4 14 12 1 0 4 1000 1100 0.85 0.88
4 14 12 1 0 4 1000 1100 0.88 0.9
4 14 12 1 0 4 1000 1100 0.9 0.92
4 14 12 1 0 4 1000 1100 0.92 0.93
4 14 12 1 0 4 1000 1100 0.93 0.94
4 14 12 1 0 4 1000 1100 0.94 0.95
4 14 12 1 0 4 1000 1100 0.95 0.96
4 14 12 1 0 4 1000 1100 0.96 0.97
4 14 12 1 0 4 1000 1100 0.97 0.98
4 14 12 1 0 4 1000 1100 0.98 0.99
4 14 12 1 0 4 1100 1200 -1 0.6
4 14 12 1 0 4 1100 1200 0.6 0.7
4 14 12 1 0 4 1100 1200 0.7 0.8
4 14 12 1 0 4 1100 1200 0.8 0.85
4 14 12 1 0 4 1100 1200 0.85 0.88
4 14 12 1 0 4 1100 1200 0.88 0.9
4 14 12 1 0 4 1100 1200 0.9 0.92
4 14 12 1 0 4 1100 1200 0.92 0.93
4 14 12 1 0 4 1100 1200 0.93 0.94
4 14 12 1 0 4 1100 1200 0.94 0.95
4 14 12 1 0 4 1100 1200 0.95 0.96
4 14 12 1 0 4 1100 1200 0.96 0.97
4 14 12 1 0 4 1100 1200 0.97 0.98
4 14 12 1 0 4 1100 1200 0.98 0.99
4 14 12 1 0 4 1200 1500 -1 0.6
4 14 12 1 0 4 1200 1500 0.6 0.7
4 14 12 1 0 4 1200 1500 0.7 0.8
4 14 12 1 0 4 1200 1500 0.8 0.85
4 14 12 1 0 4 1200 1500 0.85 0.88
4 14 12 1 0 4 1200 1500 0.88 0.9
4 14 12 1 0 4 1200 1500 0.9 0.92
4 14 12 1 0 4 1200 1500 0.92 0.93
4 14 12 1 0 4 1200 1500 0.93 0.94
4 14 12 1 0 4 1200 1500 0.94 0.95
4 14 12 1 0 4 1200 1500 0.95 0.96
4 14 12 1 0 4 1200 1500 0.96 0.97
4 14 12 1 0 4 1200 1500 0.97 0.98
4 14 12 1 0 4 1200 1500 0.98 0.99
4 14 12 1 0 4 1200 1500 0.99 0.995
4 14 12 1 0 4 1500 2000 0.6 0.7
4 14 12 1 0 4 1500 2000 0.7 0.8
4 14 12 1 0 4 1500 2000 0.8 0.85
4 14 12 1 0 4 1500 2000 0.85 0.88
4 14 12 1 0 4 1500 2000 0.88 0.9
4 14 12 1 0 4 1500 2000 0.9 0.92
4 14 12 1 0 4 1500 2000 0.92 0.93
4 14 12 1 0 4 1500 2000 0.93 0.94
4 14 12 1 0 4 1500 2000 0.94 0.95
4 14 12 1 0 4 1500 2000 0.95 0.96
4 14 12 1 0 4 1500 2000 0.96 0.97
4 14 12 1 0 4 1500 2000 0.97 0.98
4 14 12 1 0 4 2000 3000 0.7 0.8
4 14 12 1 0 4 2000 3000 0.8 0.85
4 14 12 1 0 4 2000 3000 0.85 0.88
4 14 12 1 0 4 2000 3000 0.88 0.9
4 14 12 1 0 4 2000 3000 0.9 0.92
4 14 12 1 0 4 2000 3000 0.92 0.93
4 14 12 1 0 4 2000 3000 0.93 0.94
4 14 12 1 0 4 2000 3000 0.94 0.95
4 14 12 1 0 4 2000 3000 0.95 0.96
4 14 12 1 0 4 2000 3000 0.96 0.97
4 14 12 1 0 4 2000 3000 0.97 0.98
4 14 12 1 0 4 2000 3000 0.99 0.995
4 14 12 1 0 4 3000 5000 0.7 0.8
4 14 12 1 0 4 3000 5000 0.8 0.85
4 14 12 1 0 4 3000 5000 0.85 0.88
4 14 12 1 0 4 3000 5000 0.88 0.9
4 14 12 1 0 4 3000 5000 0.9 0.92
4 14 12 1 0 4 3000 5000 0.94 0.95
4 14 12 1 0 4 3000 5000 0.96 0.97
4 14 12 1 0 4 3000 5000 0.97 0.98
4 14 12 1 0 4 3000 5000 0.98 0.99
4 14 12 1 0 4 3000 5000 0.99 0.995
4 14 12 1 0 4 5000 30000 0.98 0.99
5 12 12 1 0 4 500 600 0.7 0.76
5 12 12 1 0 4 500 600 0.93 0.94
5 12 12 1 0 4 600 650 0.93 0.94
5 12 12 1 0 4 700 750 0.85 0.88
5 12 12 1 0 4 700 750 0.99 0.995
5 12 12 1 0 4 1000 1100 0.85 0.88
5 12 12 1 0 4 1750 2000 0.99 0.995
5 14 12 1 0 4 0 300 -1 0.6
5 14 12 1 0 4 0 300 0.6 0.7
5 14 12 1 0 4 0 300 0.76 0.8
5 14 12 1 0 4 0 300 0.8 0.85
5 14 12 1 0 4 0 300 0.85 0.88
5 14 12 1 0 4 300 400 -1 0.6
5 14 12 1 0 4 300 400 0.6 0.7
5 14 12 1 0 4 300 400 0.7 0.76
5 14 12 1 0 4 300 400 0.76 0.8
5 14 12 1 0 4 300 400 0.8 0.85
5 14 12 1 0 4 300 400 0.85 0.88
5 14 12 1 0 4 300 400 0.89 0.9
5 14 12 1 0 4 300 400 0.9 0.91
5 14 12 1 0 4 400 500 -1 0.6
5 14 12 1 0 4 400 500 0.6 0.7
5 14 12 1 0 4 400 500 0.7 0.76
5 14 12 1 0 4 400 500 0.76 0.8
5 14 12 1 0 4 400 500 0.8 0.85
5 14 12 1 0 4 400 500 0.85 0.88
5 14 12 1 0 4 400 500 0.88 0.89
5 14 12 1 0 4 400 500 0.89 0.9
5 14 12 1 0 4 400 500 0.9 0.91
5 14 12 1 0 4 400 500 0.91 0.92
5 14 12 1 0 4 400 500 0.93 0.94
5 14 12 1 0 4 400 500 0.94 0.95
5 14 12 1 0 4 400 500 0.95 0.96
5 14 12 1 0 4 400 500 0.98 0.99
5 14 12 1 0 4 400 500 0.99 0.995
5 14 12 1 0 4 400 500 0.995 1
5 14 12 1 0 4 500 600 -1 0.6
5 14 12 1 0 4 500 600 0.6 0.7
5 14 12 1 0 4 500 600 0.7 0.76
5 14 12 1 0 4 500 600 0.76 0.8
5 14 12 1 0 4 500 600 0.8 0.85
5 14 12 1 0 4 500 600 0.85 0.88
5 14 12 1 0 4 500 600 0.88 0.89
5 14 12 1 0 4 500 600 0.89 0.9
5 14 12 1 0 4 500 600 0.9 0.91
5 14 12 1 0 4 500 600 0.91 0.92
5 14 12 1 0 4 500 600 0.93 0.94
5 14 12 1 0 4 500 600 0.94 0.95
5 14 12 1 0 4 500 600 0.95 0.96
5 14 12 1 0 4 500 600 0.96 0.97
5 14 12 1 0 4 500 600 0.97 0.98
5 14 12 1 0 4 500 600 0.98 0.99
5 14 12 1 0 4 500 600 0.99 0.995
5 14 12 1 0 4 500 600 0.995 1
5 14 12 1 0 4 600 650 -1 0.6
5 14 12 1 0 4 600 650 0.6 0.7
5 14 12 1 0 4 600 650 0.7 0.76
5 14 12 1 0 4 600 650 0.76 0.8
5 14 12 1 0 4 600 650 0.8 0.85
5 14 12 1 0 4 600 650 0.85 0.88
5 14 12 1 0 4 600 650 0.88 0.89
5 14 12 1 0 4 600 650 0.89 0.9
5 14 12 1 0 4 600 650 0.9 0.91
5 14 12 1 0 4 600 650 0.91 0.92
5 14 12 1 0 4 600 650 0.92 0.93
5 14 12 1 0 4 600 650 0.93 0.94
5 14 12 1 0 4 600 650 0.94 0.95
5 14 12 1 0 4 600 650 0.95 0.96
5 14 12 1 0 4 600 650 0.96 0.97
5 14 12 1 0 4 600 650 0.97 0.98
5 14 12 1 0 4 600 650 0.98 0.99
5 14 12 1 0 4 600 650 0.995 1
5 14 12 1 0 4 650 700 -1 0.6
5 14 12 1 0 4 650 700 0.6 0.7
5 14 12 1 0 4 650 700 0.7 0.76
5 14 12 1 0 4 650 700 0.76 0.8
5 14 12 1 0 4 650 700 0.8 0.85
5 14 12 1 0 4 650 700 0.85 0.88
5 14 12 1 0 4 650 700 0.88 0.89
5 14 12 1 0 4 650 700 0.89 0.9
5 14 12 1 0 4 650 700 0.9 0.91
5 14 12 1 0 4 650 700 0.91 0.92
5 14 12 1 0 4 650 700 0.92 0.93
5 14 12 1 0 4 650 700 0.93 0.94
5 14 12 1 0 4 650 700 0.94 0.95
5 14 12 1 0 4 650 700 0.95 0.96
5 14 12 1 0 4 650 700 0.96 0.97
5 14 12 1 0 4 650 700 0.98 0.99
5 14 12 1 0 4 650 700 0.995 1
5 14 12 1 0 4 700 750 -1 0.6
5 14 12 1 0 4 700 750 0.6 0.7
5 14 12 1 0 4 700 750 0.7 0.76
5 14 12 1 0 4 700 750 0.76 0.8
5 14 12 1 0 4 700 750 0.8 0.85
5 14 12 1 0 4 700 750 0.85 0.88
5 14 12 1 0 4 700 750 0.88 0.89
5 14 12 1 0 4 700 750 0.89 0.9
5 14 12 1 0 4 700 750 0.9 0.91
5 14 12 1 0 4 700 750 0.91 0.92
5 14 12 1 0 4 700 750 0.92 0.93
5 14 12 1 0 4 700 750 0.93 0.94
5 14 12 1 0 4 700 750 0.94 0.95
5 14 12 1 0 4 700 750 0.95 0.96
5 14 12 1 0 4 700 750 0.96 0.97
5 14 12 1 0 4 700 750 0.97 0.98
5 14 12 1 0 4 700 750 0.98 0.99
5 14 12 1 0 4 700 750 0.995 1
5 14 12 1 0 4 750 800 -1 0.6
5 14 12 1 0 4 750 800 0.6 0.7
5 14 12 1 0 4 750 800 0.7 0.76
5 14 12 1 0 4 750 800 0.76 0.8
5 14 12 1 0 4 750 800 0.8 0.85
5 14 12 1 0 4 750 800 0.85 0.88
5 14 12 1 0 4 750 800 0.88 0.89
5 14 12 1 0 4 750 800 0.89 0.9
5 14 12 1 0 4 750 800 0.9 0.91
5 14 12 1 0 4 750 800 0.92 0.93
5 14 12 1 0 4 750 800 0.93 0.94
5 14 12 1 0 4 750 800 0.94 0.95
5 14 12 1 0 4 750 800 0.95 0.96
5 14 12 1 0 4 750 800 0.96 0.97
5 14 12 1 0 4 750 800 0.97 0.98
5 14 12 1 0 4 750 800 0.98 0.99
5 14 12 1 0 4 800 900 -1 0.6
5 14 12 1 0 4 800 900 0.6 0.7
5 14 12 1 0 4 800 900 0.7 0.76
5 14 12 1 0 4 800 900 0.76 0.8
5 14 12 1 0 4 800 900 0.8 0.85
5 14 12 1 0 4 800 900 0.85 0.88
5 14 12 1 0 4 800 900 0.88 0.89
5 14 12 1 0 4 800 900 0.89 0.9
5 14 12 1 0 4 800 900 0.9 0.91
5 14 12 1 0 4 800 900 0.91 0.92
5 14 12 1 0 4 800 900 0.92 0.93
5 14 12 1 0 4 800 900 0.93 0.94
5 14 12 1 0 4 800 900 0.94 0.95
5 14 12 1 0 4 800 900 0.95 0.96
5 14 12 1 0 4 800 900 0.96 0.97
5 14 12 1 0 4 800 900 0.97 0.98
5 14 12 1 0 4 800 900 0.98 0.99
5 14 12 1 0 4 800 900 0.99 0.995
5 14 12 1 0 4 800 900 0.995 1
5 14 12 1 0 4 900 1000 -1 0.6
5 14 12 1 0 4 900 1000 0.6 0.7
5 14 12 1 0 4 900 1000 0.7 0.76
5 14 12 1 0 4 900 1000 0.76 0.8
5 14 12 1 0 4 900 1000 0.8 0.85
5 14 12 1 0 4 900 1000 0.85 0.88
5 14 12 1 0 4 900 1000 0.88 0.89
5 14 12 1 0 4 900 1000 0.89 0.9
5 14 12 1 0 4 900 1000 0.9 0.91
5 14 12 1 0 4 900 1000 0.91 0.92
5 14 12 1 0 4 900 1000 0.92 0.93
5 14 12 1 0 4 900 1000 0.93 0.94
5 14 12 1 0 4 900 1000 0.94 0.95
5 14 12 1 0 4 900 1000 0.95 0.96
5 14 12 1 0 4 900 1000 0.96 0.97
5 14 12 1 0 4 900 1000 0.97 0.98
5 14 12 1 0 4 900 1000 0.98 0.99
5 14 12 1 0 4 900 1000 0.99 0.995
5 14 12 1 0 4 1000 1100 -1 0.6
5 14 12 1 0 4 1000 1100 0.6 0.7
5 14 12 1 0 4 1000 1100 0.7 0.76
5 14 12 1 0 4 1000 1100 0.76 0.8
5 14 12 1 0 4 1000 1100 0.8 0.85
5 14 12 1 0 4 1000 1100 0.85 0.88
5 14 12 1 0 4 1000 1100 0.88 0.89
5 14 12 1 0 4 1000 1100 0.89 0.9
5 14 12 1 0 4 1000 1100 0.9 0.91
5 14 12 1 0 4 1000 1100 0.91 0.92
5 14 12 1 0 4 1000 1100 0.92 0.93
5 14 12 1 0 4 1000 1100 0.93 0.94
5 14 12 1 0 4 1000 1100 0.94 0.95
5 14 12 1 0 4 1000 1100 0.95 0.96
5 14 12 1 0 4 1000 1100 0.96 0.97
5 14 12 1 0 4 1000 1100 0.97 0.98
5 14 12 1 0 4 1000 1100 0.98 0.99
5 14 12 1 0 4 1000 1100 0.99 0.995
5 14 12 1 0 4 1100 1250 -1 0.6
5 14 12 1 0 4 1100 1250 0.6 0.7
5 14 12 1 0 4 1100 1250 0.7 0.76
5 14 12 1 0 4 1100 1250 0.76 0.8
5 14 12 1 0 4 1100 1250 0.8 0.85
5 14 12 1 0 4 1100 1250 0.85 0.88
5 14 12 1 0 4 1100 1250 0.88 0.89
5 14 12 1 0 4 1100 1250 0.89 0.9
5 14 12 1 0 4 1100 1250 0.9 0.91
5 14 12 1 0 4 1100 1250 0.91 0.92
5 14 12 1 0 4 1100 1250 0.92 0.93
5 14 12 1 0 4 1100 1250 0.93 0.94
5 14 12 1 0 4 1100 1250 0.94 0.95
5 14 12 1 0 4 1100 1250 0.95 0.96
5 14 12 1 0 4 1100 1250 0.96 0.97
5 14 12 1 0 4 1100 1250 0.98 0.99
5 14 12 1 0 4 1250 1500 -1 0.6
5 14 12 1 0 4 1250 1500 0.6 0.7
5 14 12 1 0 4 1250 1500 0.7 0.76
5 14 12 1 0 4 1250 1500 0.76 0.8
5 14 12 1 0 4 1250 1500 0.8 0.85
5 14 12 1 0 4 1250 1500 0.85 0.88
5 14 12 1 0 4 1250 1500 0.89 0.9
5 14 12 1 0 4 1250 1500 0.9 0.91
5 14 12 1 0 4 1250 1500 0.91 0.92
5 14 12 1 0 4 1250 1500 0.92 0.93
5 14 12 1 0 4 1250 1500 0.93 0.94
5 14 12 1 0 4 1250 1500 0.94 0.95
5 14 12 1 0 4 1250 1500 0.95 0.96
5 14 12 1 0 4 1250 1500 0.96 0.97
5 14 12 1 0 4 1250 1500 0.97 0.98
5 14 12 1 0 4 1250 1500 0.98 0.99
5 14 12 1 0 4 1250 1500 0.99 0.995
5 14 12 1 0 4 1250 1500 0.995 1
5 14 12 1 0 4 1500 1750 0.7 0.76
5 14 12 1 0 4 1500 1750 0.76 0.8
5 14 12 1 0 4 1500 1750 0.8 0.85
5 14 12 1 0 4 1500 1750 0.85 0.88
5 14 12 1 0 4 1500 1750 0.88 0.89
5 14 12 1 0 4 1500 1750 0.89 0.9
5 14 12 1 0 4 1500 1750 0.9 0.91
5 14 12 1 0 4 1500 1750 0.91 0.92
5 14 12 1 0 4 1500 1750 0.92 0.93
5 14 12 1 0 4 1500 1750 0.93 0.94
5 14 12 1 0 4 1500 1750 0.94 0.95
5 14 12 1 0 4 1500 1750 0.95 0.96
5 14 12 1 0 4 1500 1750 0.96 0.97
5 14 12 1 0 4 1500 1750 0.97 0.98
5 14 12 1 0 4 1500 1750 0.98 0.99
5 14 12 1 0 4 1500 1750 0.99 0.995
5 14 12 1 0 4 1500 1750 0.995 1
5 14 12 1 0 4 1750 2000 0.76 0.8
5 14 12 1 0 4 1750 2000 0.8 0.85
5 14 12 1 0 4 1750 2000 0.85 0.88
5 14 12 1 0 4 1750 2000 0.88 0.89
5 14 12 1 0 4 1750 2000 0.89 0.9
5 14 12 1 0 4 1750 2000 0.9 0.91
5 14 12 1 0 4 1750 2000 0.91 0.92
5 14 12 1 0 4 1750 2000 0.92 0.93
5 14 12 1 0 4 1750 2000 0.93 0.94
5 14 12 1 0 4 1750 2000 0.94 0.95
5 14 12 1 0 4 1750 2000 0.95 0.96
5 14 12 1 0 4 1750 2000 0.96 0.97
5 14 12 1 0 4 1750 2000 0.97 0.98
5 14 12 1 0 4 1750 2000 0.98 0.99
5 14 12 1 0 4 1750 2000 0.99 0.995
5 14 12 1 0 4 1750 2000 0.995 1
5 14 12 1 0 4 2000 3000 0.76 0.8
5 14 12 1 0 4 2000 3000 0.8 0.85
5 14 12 1 0 4 2000 3000 0.85 0.88
5 14 12 1 0 4 2000 3000 0.88 0.89
5 14 12 1 0 4 2000 3000 0.9 0.91
5 14 12 1 0 4 2000 3000 0.91 0.92
5 14 12 1 0 4 2000 3000 0.92 0.93
5 14 12 1 0 4 2000 3000 0.93 0.94
5 14 12 1 0 4 2000 3000 0.94 0.95
5 14 12 1 0 4 2000 3000 0.95 0.96
5 14 12 1 0 4 2000 3000 0.96 0.97
5 14 12 1 0 4 2000 3000 0.97 0.98
5 14 12 1 0 4 2000 3000 0.98 0.99
5 14 12 1 0 4 2000 3000 0.99 0.995
5 14 12 1 0 4 2000 3000 0.995 1
5 14 12 1 0 4 3000 5000 0.88 0.89
5 14 12 1 0 4 3000 5000 0.93 0.94
5 14 12 1 0 4 3000 5000 0.95 0.96
5 14 12 1 0 4 3000 5000 0.96 0.97
5 14 12 1 0 4 3000 5000 0.98 0.99
5 14 12 1 0 4 3000 5000 0.995 1
43 12 12 1 0 4 550 600 0.985 0.99
43 12 12 1 0 4 1500 2000 0.9 0.92
43 14 12 1 0 4 0 300 -1 0.6
43 14 12 1 0 4 0 300 0.7 0.8
43 14 12 1 0 4 300 400 -1 0.6
43 14 12 1 0 4 300 400 0.7 0.8
43 14 12 1 0 4 300 400 0.85 0.9
43 14 12 1 0 4 300 400 0.9 0.92
43 14 12 1 0 4 400 500 -1 0.6
43 14 12 1 0 4 400 500 0.8 0.85
43 14 12 1 0 4 400 500 0.9 0.92
43 14 12 1 0 4 500 550 -1 0.6
43 14 12 1 0 4 500 550 0.7 0.8
43 14 12 1 0 4 500 550 0.8 0.85
43 14 12 1 0 4 550 600 -1 0.6
43 14 12 1 0 4 550 600 0.7 0.8
43 14 12 1 0 4 550 600 0.8 0.85
43 14 12 1 0 4 600 650 0.6 0.7
43 14 12 1 0 4 600 650 0.7 0.8
43 14 12 1 0 4 650 700 0.6 0.7
43 14 12 1 0 4 650 700 0.7 0.8
43 14 12 1 0 4 650 700 0.85 0.9
43 14 12 1 0 4 700 750 0.7 0.8
43 14 12 1 0 4 700 750 0.85 0.9
43 14 12 1 0 4 750 800 0.7 0.8
43 14 12 1 0 4 750 800 0.8 0.85
43 14 12 1 0 4 750 800 0.95 0.96
43 14 12 1 0 4 750 800 0.965 0.97
43 14 12 1 0 4 800 900 0.8 0.85
43 14 12 1 0 4 800 900 0.85 0.9
43 14 12 1 0 4 800 900 0.92 0.93
43 14 12 1 0 4 800 900 0.94 0.95
43 14 12 1 0 4 800 900 0.95 0.96
43 14 12 1 0 4 900 1000 0.85 0.9
43 14 12 1 0 4 900 1000 0.94 0.95
43 14 12 1 0 4 1000 1100 0.7 0.8
43 14 12 1 0 4 1000 1100 0.85 0.9
43 14 12 1 0 4 1000 1100 0.95 0.96
43 14 12 1 0 4 1100 1200 0.7 0.8
43 14 12 1 0 4 1100 1200 0.85 0.9
43 14 12 1 0 4 1200 1500 0.6 0.7
43 14 12 1 0 4 1200 1500 0.7 0.8
43 14 12 1 0 4 1200 1500 0.8 0.85
43 14 12 1 0 4 1200 1500 0.85 0.9
43 14 12 1 0 4 1200 1500 0.9 0.92
43 14 12 1 0 4 1200 1500 0.93 0.94
43 14 12 1 0 4 1200 1500 0.94 0.95
43 14 12 1 0 4 1200 1500 0.975 0.98
43 14 12 1 0 4 1500 2000 0.6 0.7
43 14 12 1 0 4 1500 2000 0.8 0.85
43 14 12 1 0 4 1500 2000 0.85 0.9
43 14 12 1 0 4 1500 2000 0.9 0.92
43 14 12 1 0 4 1500 2000 0.92 0.93
43 14 12 1 0 4 1500 2000 0.93 0.94
43 14 12 1 0 4 1500 2000 0.94 0.95
43 14 12 1 0 4 1500 2000 0.95 0.96
43 14 12 1 0 4 1500 2000 0.975 0.98
43 14 12 1 0 4 1500 2000 0.98 0.985
43 14 12 1 0 4 2000 4000 0.6 0.7
43 14 12 1 0 4 2000 4000 0.9 0.92
43 14 12 1 0 4 2000 4000 0.92 0.93
43 14 12 1 0 4 2000 4000 0.93 0.94
43 14 12 1 0 4 2000 4000 0.95 0.96
44 14 12 1 0 4 700 900 0.8 0.9
44 14 12 1 0 4 900 1300 0.7 0.8
44 14 12 1 0 4 900 1300 0.8 0.9
44 14 12 1 0 4 1300 2500 0.7 0.8
44 14 12 1 0 4 1300 2500 0.8 0.9
45 12 12 1 0 4 1250 1500 0.7 0.8
45 12 12 1 0 4 1500 2000 0.7 0.8
45 14 12 1 0 4 0 600 0.85 0.9
45 14 12 1 0 4 800 1000 0.93 0.95
45 14 12 1 0 4 1000 1250 0.93 0.95
55 14 12 1 0 4 0 300 -1 0.7
55 14 12 1 0 4 0 300 0.7 0.8
55 14 12 1 0 4 0 300 0.8 0.85
55 14 12 1 0 4 0 300 0.85 0.88
55 14 12 1 0 4 0 300 0.88 0.9
55 14 12 1 0 4 0 300 0.9 0.92
55 14 12 1 0 4 0 300 0.92 0.94
55 14 12 1 0 4 0 300 0.94 0.96
55 14 12 1 0 4 0 300 0.96 0.97
55 14 12 1 0 4 0 300 0.98 0.99
55 14 12 1 0 4 300 500 -1 0.7
55 14 12 1 0 4 300 500 0.7 0.8
55 14 12 1 0 4 300 500 0.8 0.85
55 14 12 1 0 4 300 500 0.85 0.88
55 14 12 1 0 4 300 500 0.88 0.9
55 14 12 1 0 4 300 500 0.9 0.92
55 14 12 1 0 4 300 500 0.92 0.94
55 14 12 1 0 4 300 500 0.94 0.96
55 14 12 1 0 4 300 500 0.96 0.97
55 14 12 1 0 4 300 500 0.97 0.98
55 14 12 1 0 4 300 500 0.98 0.99
55 14 12 1 0 4 300 500 0.99 1
55 14 12 1 0 4 500 700 -1 0.7
55 14 12 1 0 4 500 700 0.7 0.8
55 14 12 1 0 4 500 700 0.8 0.85
55 14 12 1 0 4 500 700 0.85 0.88
55 14 12 1 0 4 500 700 0.88 0.9
55 14 12 1 0 4 500 700 0.9 0.92
55 14 12 1 0 4 500 700 0.92 0.94
55 14 12 1 0 4 500 700 0.94 0.96
55 14 12 1 0 4 500 700 0.96 0.97
55 14 12 1 0 4 500 700 0.97 0.98
55 14 12 1 0 4 500 700 0.98 0.99
55 14 12 1 0 4 500 700 0.99 1
55 14 12 1 0 4 700 800 -1 0.7
55 14 12 1 0 4 700 800 0.7 0.8
55 14 12 1 0 4 700 800 0.8 0.85
55 14 12 1 0 4 700 800 0.85 0.88
55 14 12 1 0 4 700 800 0.88 0.9
55 14 12 1 0 4 700 800 0.9 0.92
55 14 12 1 0 4 700 800 0.92 0.94
55 14 12 1 0 4 700 800 0.94 0.96
55 14 12 1 0 4 700 800 0.96 0.97
55 14 12 1 0 4 700 800 0.97 0.98
55 14 12 1 0 4 700 800 0.98 0.99
55 14 12 1 0 4 700 800 0.99 1
55 14 12 1 0 4 800 900 -1 0.7
55 14 12 1 0 4 800 900 0.7 0.8
55 14 12 1 0 4 800 900 0.8 0.85
55 14 12 1 0 4 800 900 0.85 0.88
55 14 12 1 0 4 800 900 0.88 0.9
55 14 12 1 0 4 800 900 0.9 0.92
55 14 12 1 0 4 800 900 0.92 0.94
55 14 12 1 0 4 800 900 0.94 0.96
55 14 12 1 0 4 800 900 0.96 0.97
55 14 12 1 0 4 800 900 0.97 0.98
55 14 12 1 0 4 800 900 0.98 0.99
55 14 12 1 0 4 800 900 0.99 1
55 14 12 1 0 4 900 1250 -1 0.7
55 14 12 1 0 4 900 1250 0.7 0.8
55 14 12 1 0 4 900 1250 0.8 0.85
55 14 12 1 0 4 900 1250 0.85 0.88
55 14 12 1 0 4 900 1250 0.88 0.9
55 14 12 1 0 4 900 1250 0.9 0.92
55 14 12 1 0 4 900 1250 0.92 0.94
55 14 12 1 0 4 900 1250 0.94 0.96
55 14 12 1 0 4 900 1250 0.96 0.97
55 14 12 1 0 4 900 1250 0.97 0.98
55 14 12 1 0 4 900 1250 0.98 0.99
55 14 12 1 0 4 900 1250 0.99 1
55 14 12 1 0 4 1250 1500 -1 0.7
55 14 12 1 0 4 1250 1500 0.7 0.8
55 14 12 1 0 4 1250 1500 0.8 0.85
55 14 12 1 0 4 1250 1500 0.85 0.88
55 14 12 1 0 4 1250 1500 0.88 0.9
55 14 12 1 0 4 1250 1500 0.9 0.92
55 14 12 1 0 4 1250 1500 0.92 0.94
55 14 12 1 0 4 1250 1500 0.94 0.96
55 14 12 1 0 4 1250 1500 0.96 0.97
55 14 12 1 0 4 1250 1500 0.97 0.98
55 14 12 1 0 4 1250 1500 0.98 0.99
55 14 12 1 0 4 1250 1500 0.99 1
55 14 12 1 0 4 1500 2000 -1 0.7
55 14 12 1 0 4 1500 2000 0.7 0.8
55 14 12 1 0 4 1500 2000 0.8 0.85
55 14 12 1 0 4 1500 2000 0.85 0.88
55 14 12 1 0 4 1500 2000 0.88 0.9
55 14 12 1 0 4 1500 2000 0.9 0.92
55 14 12 1 0 4 1500 2000 0.92 0.94
55 14 12 1 0 4 1500 2000 0.94 0.96
55 14 12 1 0 4 1500 2000 0.96 0.97
55 14 12 1 0 4 1500 2000 0.97 0.98
55 14 12 1 0 4 1500 2000 0.98 0.99
55 14 12 1 0 4 1500 2000 0.99 1
55 14 12 1 0 4 2000 4000 0.7 0.8
55 14 12 1 0 4 2000 4000 0.8 0.85
55 14 12 1 0 4 2000 4000 0.85 0.88
55 14 12 1 0 4 2000 4000 0.9 0.92
55 14 12 1 0 4 2000 4000 0.92 0.94
55 14 12 1 0 4 2000 4000 0.94 0.96
55 14 12 1 0 4 2000 4000 0.96 0.97
55 14 12 1 0 4 2000 4000 0.97 0.98
55 14 12 1 0 4 2000 4000 0.98 0.99
55 14 12 1 0 4 2000 4000 0.99 1
55 14 12 1 0 4 4000 30000 0.96 0.97
55 14 12 1 0 4 4000 30000 0.97 0.98
55 14 12 1 0 4 4000 30000 0.98 0.99
55 14 12 1 0 4 4000 30000 0.99 1
56 14 12 1 0 4 0 600 -1 0.7
56 14 12 1 0 4 600 800 -1 0.7
56 14 12 1 0 4 600 800 0.8 0.86
56 14 12 1 0 4 600 800 0.86 0.9
56 14 12 1 0 4 800 1500 -1 0.7
56 14 12 1 0 4 800 1500 0.7 0.8
56 14 12 1 0 4 800 1500 0.8 0.86
56 14 12 1 0 4 800 1500 0.86 0.9
56 14 12 1 0 4 1500 30000 0.7 0.8
56 14 12 1 0 4 1500 30000 0.86 0.9
57 14 12 1 0 4 600 1000 -1 0.7
57 14 12 1 0 4 600 1000 0.7 0.8
57 14 12 1 0 4 600 1000 0.8 0.86
57 14 12 1 0 4 600 1000 0.86 0.9
57 14 12 1 0 4 600 1000 0.9 0.93
57 14 12 1 0 4 600 1000 0.95 0.97
57 14 12 1 0 4 1000 1250 -1 0.7
57 14 12 1 0 4 1000 1250 0.7 0.8
57 14 12 1 0 4 1000 1250 0.8 0.86
57 14 12 1 0 4 1000 1250 0.86 0.9
57 14 12 1 0 4 1000 1250 0.9 0.93
57 14 12 1 0 4 1000 1250 0.95 0.97
57 14 12 1 0 4 1250 2000 0.7 0.8
57 14 12 1 0 4 1250 2000 0.86 0.9
57 14 12 1 0 4 1250 2000 0.9 0.93
57 14 12 1 0 4 1250 2000 0.93 0.95
57 14 12 1 0 4 1250 2000 0.95 0.97
57 14 12 1 0 4 1250 2000 0.97 0.99
57 14 12 1 0 4 2000 4000 0.86 0.9
57 14 12 1 0 4 2000 4000 0.9 0.93
57 14 12 1 0 4 2000 4000 0.93 0.95
57 14 12 1 0 4 2000 4000 0.95 0.97
57 14 12 1 0 4 2000 4000 0.97 0.99
57 14 12 1 0 4 4000 30000 0.9 0.93
19 12 12 1 0 4 0 200 0.6 0.7
19 12 12 1 0 4 0 200 0.8 0.83
19 12 12 1 0 4 200 300 0.6 0.7
19 12 12 1 0 4 200 300 0.8 0.83
19 12 12 1 0 4 200 300 0.88 0.89
19 12 12 1 0 4 300 400 0.8 0.83
19 12 12 1 0 4 500 550 0.85 0.88
19 12 12 1 0 4 500 550 0.9 0.91
19 12 12 1 0 4 600 650 0.7 0.76
19 12 12 1 0 4 950 1000 -1 0.5
19 12 12 1 0 4 1100 1200 0.88 0.89
19 12 12 1 0 4 1800 2000 0.945 0.95
19 14 12 1 0 4 0 200 -1 0.5
19 14 12 1 0 4 0 200 0.5 0.6
19 14 12 1 0 4 0 200 0.6 0.7
19 14 12 1 0 4 0 200 0.7 0.76
19 14 12 1 0 4 0 200 0.76 0.78
19 14 12 1 0 4 0 200 0.78 0.8
19 14 12 1 0 4 0 200 0.8 0.83
19 14 12 1 0 4 0 200 0.83 0.85
19 14 12 1 0 4 0 200 0.85 0.88
19 14 12 1 0 4 0 200 0.88 0.89
19 14 12 1 0 4 0 200 0.89 0.9
19 14 12 1 0 4 0 200 0.9 0.91
19 14 12 1 0 4 0 200 0.91 0.92
19 14 12 1 0 4 0 200 0.92 0.925
19 14 12 1 0 4 0 200 0.925 0.93
19 14 12 1 0 4 0 200 0.93 0.935
19 14 12 1 0 4 0 200 0.935 0.94
19 14 12 1 0 4 0 200 0.94 0.945
19 14 12 1 0 4 0 200 0.95 0.955
19 14 12 1 0 4 0 200 0.955 0.96
19 14 12 1 0 4 0 200 0.96 0.965
19 14 12 1 0 4 0 200 0.965 0.97
19 14 12 1 0 4 0 200 0.97 0.975
19 14 12 1 0 4 0 200 0.975 0.98
19 14 12 1 0 4 0 200 0.98 0.985
19 14 12 1 0 4 0 200 0.985 0.99
19 14 12 1 0 4 0 200 0.995 1
19 14 12 1 0 4 200 300 -1 0.5
19 14 12 1 0 4 200 300 0.5 0.6
19 14 12 1 0 4 200 300 0.6 0.7
19 14 12 1 0 4 200 300 0.7 0.76
19 14 12 1 0 4 200 300 0.76 0.78
19 14 12 1 0 4 200 300 0.78 0.8
19 14 12 1 0 4 200 300 0.8 0.83
19 14 12 1 0 4 200 300 0.83 0.85
19 14 12 1 0 4 200 300 0.85 0.88
19 14 12 1 0 4 200 300 0.88 0.89
19 14 12 1 0 4 200 300 0.89 0.9
19 14 12 1 0 4 200 300 0.9 0.91
19 14 12 1 0 4 200 300 0.91 0.92
19 14 12 1 0 4 200 300 0.92 0.925
19 14 12 1 0 4 200 300 0.925 0.93
19 14 12 1 0 4 200 300 0.93 0.935
19 14 12 1 0 4 200 300 0.935 0.94
19 14 12 1 0 4 200 300 0.94 0.945
19 14 12 1 0 4 200 300 0.945 0.95
19 14 12 1 0 4 200 300 0.95 0.955
19 14 12 1 0 4 200 300 0.955 0.96
19 14 12 1 0 4 200 300 0.96 0.965
19 14 12 1 0 4 200 300 0.965 0.97
19 14 12 1 0 4 200 300 0.97 0.975
19 14 12 1 0 4 200 300 0.975 0.98
19 14 12 1 0 4 200 300 0.98 0.985
19 14 12 1 0 4 200 300 0.985 0.99
19 14 12 1 0 4 200 300 0.99 0.995
19 14 12 1 0 4 200 300 0.995 1
19 14 12 1 0 4 300 400 -1 0.5
19 14 12 1 0 4 300 400 0.5 0.6
19 14 12 1 0 4 300 400 0.6 0.7
19 14 12 1 0 4 300 400 0.7 0.76
19 14 12 1 0 4 300 400 0.76 0.78
19 14 12 1 0 4 300 400 0.78 0.8
19 14 12 1 0 4 300 400 0.8 0.83
19 14 12 1 0 4 300 400 0.83 0.85
19 14 12 1 0 4 300 400 0.85 0.88
19 14 12 1 0 4 300 400 0.88 0.89
19 14 12 1 0 4 300 400 0.89 0.9
19 14 12 1 0 4 300 400 0.9 0.91
19 14 12 1 0 4 300 400 0.91 0.92
19 14 12 1 0 4 300 400 0.92 0.925
19 14 12 1 0 4 300 400 0.925 0.93
19 14 12 1 0 4 300 400 0.93 0.935
19 14 12 1 0 4 300 400 0.935 0.94
19 14 12 1 0 4 300 400 0.94 0.945
19 14 12 1 0 4 300 400 0.945 0.95
19 14 12 1 0 4 300 400 0.95 0.955
19 14 12 1 0 4 300 400 0.955 0.96
19 14 12 1 0 4 300 400 0.96 0.965
19 14 12 1 0 4 300 400 0.965 0.97
19 14 12 1 0 4 300 400 0.97 0.975
19 14 12 1 0 4 300 400 0.975 0.98
19 14 12 1 0 4 300 400 0.98 0.985
19 14 12 1 0 4 300 400 0.985 0.99
19 14 12 1 0 4 300 400 0.99 0.995
19 14 12 1 0 4 300 400 0.995 1
19 14 12 1 0 4 400 450 -1 0.5
19 14 12 1 0 4 400 450 0.5 0.6
19 14 12 1 0 4 400 450 0.6 0.7
19 14 12 1 0 4 400 450 0.7 0.76
19 14 12 1 0 4 400 450 0.76 0.78
19 14 12 1 0 4 400 450 0.78 0.8
19 14 12 1 0 4 400 450 0.8 0.83
19 14 12 1 0 4 400 450 0.83 0.85
19 14 12 1 0 4 400 450 0.85 0.88
19 14 12 1 0 4 400 450 0.88 0.89
19 14 12 1 0 4 400 450 0.89 0.9
19 14 12 1 0 4 400 450 0.9 0.91
19 14 12 1 0 4 400 450 0.91 0.92
19 14 12 1 0 4 400 450 0.92 0.925
19 14 12 1 0 4 400 450 0.925 0.93
19 14 12 1 0 4 400 450 0.93 0.935
19 14 12 1 0 4 400 450 0.935 0.94
19 14 12 1 0 4 400 450 0.94 0.945
19 14 12 1 0 4 400 450 0.945 0.95
19 14 12 1 0 4 400 450 0.95 0.955
19 14 12 1 0 4 400 450 0.955 0.96
19 14 12 1 0 4 400 450 0.96 0.965
19 14 12 1 0 4 400 450 0.965 0.97
19 14 12 1 0 4 400 450 0.97 0.975
19 14 12 1 0 4 400 450 0.975 0.98
19 14 12 1 0 4 400 450 0.98 0.985
19 14 12 1 0 4 400 450 0.985 0.99
19 14 12 1 0 4 400 450 0.99 0.995
19 14 12 1 0 4 400 450 0.995 1
19 14 12 1 0 4 450 500 -1 0.5
19 14 12 1 0 4 450 500 0.5 0.6
19 14 12 1 0 4 450 500 0.6 0.7
19 14 12 1 0 4 450 500 0.7 0.76
19 14 12 1 0 4 450 500 0.76 0.78
19 14 12 1 0 4 450 500 0.78 0.8
19 14 12 1 0 4 450 500 0.8 0.83
19 14 12 1 0 4 450 500 0.83 0.85
19 14 12 1 0 4 450 500 0.85 0.88
19 14 12 1 0 4 450 500 0.88 0.89
19 14 12 1 0 4 450 500 0.89 0.9
19 14 12 1 0 4 450 500 0.9 0.91
19 14 12 1 0 4 450 500 0.91 0.92
19 14 12 1 0 4 450 500 0.92 0.925
19 14 12 1 0 4 450 500 0.925 0.93
19 14 12 1 0 4 450 500 0.93 0.935
19 14 12 1 0 4 450 500 0.935 0.94
19 14 12 1 0 4 450 500 0.94 0.945
19 14 12 1 0 4 450 500 0.945 0.95
19 14 12 1 0 4 450 500 0.95 0.955
19 14 12 1 0 4 450 500 0.955 0.96
19 14 12 1 0 4 450 500 0.96 0.965
19 14 12 1 0 4 450 500 0.965 0.97
19 14 12 1 0 4 450 500 0.97 0.975
19 14 12 1 0 4 450 500 0.975 0.98
19 14 12 1 0 4 450 500 0.98 0.985
19 14 12 1 0 4 450 500 0.985 0.99
19 14 12 1 0 4 450 500 0.99 0.995
19 14 12 1 0 4 450 500 0.995 1
19 14 12 1 0 4 500 550 -1 0.5
19 14 12 1 0 4 500 550 0.5 0.6
19 14 12 1 0 4 500 550 0.6 0.7
19 14 12 1 0 4 500 550 0.7 0.76
19 14 12 1 0 4 500 550 0.76 0.78
19 14 12 1 0 4 500 550 0.78 0.8
19 14 12 1 0 4 500 550 0.8 0.83
19 14 12 1 0 4 500 550 0.83 0.85
19 14 12 1 0 4 500 550 0.85 0.88
19 14 12 1 0 4 500 550 0.88 0.89
19 14 12 1 0 4 500 550 0.89 0.9
19 14 12 1 0 4 500 550 0.9 0.91
19 14 12 1 0 4 500 550 0.91 0.92
19 14 12 1 0 4 500 550 0.92 0.925
19 14 12 1 0 4 500 550 0.925 0.93
19 14 12 1 0 4 500 550 0.93 0.935
19 14 12 1 0 4 500 550 0.935 0.94
19 14 12 1 0 4 500 550 0.94 0.945
19 14 12 1 0 4 500 550 0.945 0.95
19 14 12 1 0 4 500 550 0.95 0.955
19 14 12 1 0 4 500 550 0.955 0.96
19 14 12 1 0 4 500 550 0.96 0.965
19 14 12 1 0 4 500 550 0.965 0.97
19 14 12 1 0 4 500 550 0.97 0.975
19 14 12 1 0 4 500 550 0.975 0.98
19 14 12 1 0 4 500 550 0.98 0.985
19 14 12 1 0 4 500 550 0.985 0.99
19 14 12 1 0 4 500 550 0.99 0.995
19 14 12 1 0 4 500 550 0.995 1
19 14 12 1 0 4 550 600 -1 0.5
19 14 12 1 0 4 550 600 0.5 0.6
19 14 12 1 0 4 550 600 0.6 0.7
19 14 12 1 0 4 550 600 0.7 0.76
19 14 12 1 0 4 550 600 0.76 0.78
19 14 12 1 0 4 550 600 0.78 0.8
19 14 12 1 0 4 550 600 0.8 0.83
19 14 12 1 0 4 550 600 0.83 0.85
19 14 12 1 0 4 550 600 0.85 0.88
19 14 12 1 0 4 550 600 0.88 0.89
19 14 12 1 0 4 550 600 0.89 0.9
19 14 12 1 0 4 550 600 0.9 0.91
19 14 12 1 0 4 550 600 0.91 0.92
19 14 12 1 0 4 550 600 0.92 0.925
19 14 12 1 0 4 550 600 0.925 0.93
19 14 12 1 0 4 550 600 0.93 0.935
19 14 12 1 0 4 550 600 0.935 0.94
19 14 12 1 0 4 550 600 0.94 0.945
19 14 12 1 0 4 550 600 0.945 0.95
19 14 12 1 0 4 550 600 0.95 0.955
19 14 12 1 0 4 550 600 0.955 0.96
19 14 12 1 0 4 550 600 0.96 0.965
19 14 12 1 0 4 550 600 0.965 0.97
19 14 12 1 0 4 550 600 0.97 0.975
19 14 12 1 0 4 550 600 0.975 0.98
19 14 12 1 0 4 550 600 0.98 0.985
19 14 12 1 0 4 550 600 0.985 0.99
19 14 12 1 0 4 550 600 0.99 0.995
19 14 12 1 0 4 550 600 0.995 1
19 14 12 1 0 4 600 650 -1 0.5
19 14 12 1 0 4 600 650 0.5 0.6
19 14 12 1 0 4 600 650 0.6 0.7
19 14 12 1 0 4 600 650 0.7 0.76
19 14 12 1 0 4 600 650 0.76 0.78
19 14 12 1 0 4 600 650 0.78 0.8
19 14 12 1 0 4 600 650 0.8 0.83
19 14 12 1 0 4 600 650 0.83 0.85
19 14 12 1 0 4 600 650 0.85 0.88
19 14 12 1 0 4 600 650 0.88 0.89
19 14 12 1 0 4 600 650 0.89 0.9
19 14 12 1 0 4 600 650 0.9 0.91
19 14 12 1 0 4 600 650 0.91 0.92
19 14 12 1 0 4 600 650 0.92 0.925
19 14 12 1 0 4 600 650 0.925 0.93
19 14 12 1 0 4 600 650 0.93 0.935
19 14 12 1 0 4 600 650 0.935 0.94
19 14 12 1 0 4 600 650 0.94 0.945
19 14 12 1 0 4 600 650 0.945 0.95
19 14 12 1 0 4 600 650 0.95 0.955
19 14 12 1 0 4 600 650 0.955 0.96
19 14 12 1 0 4 600 650 0.96 0.965
19 14 12 1 0 4 600 650 0.965 0.97
19 14 12 1 0 4 600 650 0.97 0.975
19 14 12 1 0 4 600 650 0.975 0.98
19 14 12 1 0 4 600 650 0.98 0.985
19 14 12 1 0 4 600 650 0.985 0.99
19 14 12 1 0 4 600 650 0.99 0.995
19 14 12 1 0 4 600 650 0.995 1
19 14 12 1 0 4 650 700 -1 0.5
19 14 12 1 0 4 650 700 0.5 0.6
19 14 12 1 0 4 650 700 0.6 0.7
19 14 12 1 0 4 650 700 0.7 0.76
19 14 12 1 0 4 650 700 0.76 0.78
19 14 12 1 0 4 650 700 0.78 0.8
19 14 12 1 0 4 650 700 0.8 0.83
19 14 12 1 0 4 650 700 0.83 0.85
19 14 12 1 0 4 650 700 0.85 0.88
19 14 12 1 0 4 650 700 0.88 0.89
19 14 12 1 0 4 650 700 0.89 0.9
19 14 12 1 0 4 650 700 0.9 0.91
19 14 12 1 0 4 650 700 0.91 0.92
19 14 12 1 0 4 650 700 0.92 0.925
19 14 12 1 0 4 650 700 0.925 0.93
19 14 12 1 0 4 650 700 0.93 0.935
19 14 12 1 0 4 650 700 0.935 0.94
19 14 12 1 0 4 650 700 0.94 0.945
19 14 12 1 0 4 650 700 0.945 0.95
19 14 12 1 0 4 650 700 0.95 0.955
19 14 12 1 0 4 650 700 0.955 0.96
19 14 12 1 0 4 650 700 0.96 0.965
19 14 12 1 0 4 650 700 0.965 0.97
19 14 12 1 0 4 650 700 0.97 0.975
19 14 12 1 0 4 650 700 0.975 0.98
19 14 12 1 0 4 650 700 0.98 0.985
19 14 12 1 0 4 650 700 0.985 0.99
19 14 12 1 0 4 650 700 0.99 0.995
19 14 12 1 0 4 650 700 0.995 1
19 14 12 1 0 4 700 750 -1 0.5
19 14 12 1 0 4 700 750 0.5 0.6
19 14 12 1 0 4 700 750 0.6 0.7
19 14 12 1 0 4 700 750 0.7 0.76
19 14 12 1 0 4 700 750 0.76 0.78
19 14 12 1 0 4 700 750 0.78 0.8
19 14 12 1 0 4 700 750 0.8 0.83
19 14 12 1 0 4 700 750 0.83 0.85
19 14 12 1 0 4 700 750 0.85 0.88
19 14 12 1 0 4 700 750 0.88 0.89
19 14 12 1 0 4 700 750 0.89 0.9
19 14 12 1 0 4 700 750 0.9 0.91
19 14 12 1 0 4 700 750 0.91 0.92
19 14 12 1 0 4 700 750 0.92 0.925
19 14 12 1 0 4 700 750 0.925 0.93
19 14 12 1 0 4 700 750 0.93 0.935
19 14 12 1 0 4 700 750 0.935 0.94
19 14 12 1 0 4 700 750 0.94 0.945
19 14 12 1 0 4 700 750 0.945 0.95
19 14 12 1 0 4 700 750 0.95 0.955
19 14 12 1 0 4 700 750 0.955 0.96
19 14 12 1 0 4 700 750 0.96 0.965
19 14 12 1 0 4 700 750 0.965 0.97
19 14 12 1 0 4 700 750 0.97 0.975
19 14 12 1 0 4 700 750 0.975 0.98
19 14 12 1 0 4 700 750 0.98 0.985
19 14 12 1 0 4 700 750 0.985 0.99
19 14 12 1 0 4 700 750 0.99 0.995
19 14 12 1 0 4 700 750 0.995 1
19 14 12 1 0 4 750 800 -1 0.5
19 14 12 1 0 4 750 800 0.5 0.6
19 14 12 1 0 4 750 800 0.6 0.7
19 14 12 1 0 4 750 800 0.7 0.76
19 14 12 1 0 4 750 800 0.76 0.78
19 14 12 1 0 4 750 800 0.78 0.8
19 14 12 1 0 4 750 800 0.8 0.83
19 14 12 1 0 4 750 800 0.83 0.85
19 14 12 1 0 4 750 800 0.85 0.88
19 14 12 1 0 4 750 800 0.88 0.89
19 14 12 1 0 4 750 800 0.89 0.9
19 14 12 1 0 4 750 800 0.9 0.91
19 14 12 1 0 4 750 800 0.91 0.92
19 14 12 1 0 4 750 800 0.92 0.925
19 14 12 1 0 4 750 800 0.925 0.93
19 14 12 1 0 4 750 800 0.93 0.935
19 14 12 1 0 4 750 800 0.935 0.94
19 14 12 1 0 4 750 800 0.94 0.945
19 14 12 1 0 4 750 800 0.945 0.95
19 14 12 1 0 4 750 800 0.95 0.955
19 14 12 1 0 4 750 800 0.955 0.96
19 14 12 1 0 4 750 800 0.96 0.965
19 14 12 1 0 4 750 800 0.965 0.97
19 14 12 1 0 4 750 800 0.97 0.975
19 14 12 1 0 4 750 800 0.975 0.98
19 14 12 1 0 4 750 800 0.98 0.985
19 14 12 1 0 4 750 800 0.985 0.99
19 14 12 1 0 4 750 800 0.99 0.995
19 14 12 1 0 4 750 800 0.995 1
19 14 12 1 0 4 800 850 -1 0.5
19 14 12 1 0 4 800 850 0.5 0.6
19 14 12 1 0 4 800 850 0.6 0.7
19 14 12 1 0 4 800 850 0.7 0.76
19 14 12 1 0 4 800 850 0.76 0.78
19 14 12 1 0 4 800 850 0.78 0.8
19 14 12 1 0 4 800 850 0.8 0.83
19 14 12 1 0 4 800 850 0.83 0.85
19 14 12 1 0 4 800 850 0.85 0.88
19 14 12 1 0 4 800 850 0.88 0.89
19 14 12 1 0 4 800 850 0.89 0.9
19 14 12 1 0 4 800 850 0.9 0.91
19 14 12 1 0 4 800 850 0.91 0.92
19 14 12 1 0 4 800 850 0.92 0.925
19 14 12 1 0 4 800 850 0.925 0.93
19 14 12 1 0 4 800 850 0.93 0.935
19 14 12 1 0 4 800 850 0.935 0.94
19 14 12 1 0 4 800 850 0.94 0.945
19 14 12 1 0 4 800 850 0.945 0.95
19 14 12 1 0 4 800 850 0.95 0.955
19 14 12 1 0 4 800 850 0.955 0.96
19 14 12 1 0 4 800 850 0.96 0.965
19 14 12 1 0 4 800 850 0.965 0.97
19 14 12 1 0 4 800 850 0.97 0.975
19 14 12 1 0 4 800 850 0.975 0.98
19 14 12 1 0 4 800 850 0.98 0.985
19 14 12 1 0 4 800 850 0.985 0.99
19 14 12 1 0 4 800 850 0.99 0.995
19 14 12 1 0 4 800 850 0.995 1
19 14 12 1 0 4 850 900 -1 0.5
19 14 12 1 0 4 850 900 0.5 0.6
19 14 12 1 0 4 850 900 0.6 0.7
19 14 12 1 0 4 850 900 0.7 0.76
19 14 12 1 0 4 850 900 0.76 0.78
19 14 12 1 0 4 850 900 0.78 0.8
19 14 12 1 0 4 850 900 0.8 0.83
19 14 12 1 0 4 850 900 0.83 0.85
19 14 12 1 0 4 850 900 0.85 0.88
19 14 12 1 0 4 850 900 0.88 0.89
19 14 12 1 0 4 850 900 0.89 0.9
19 14 12 1 0 4 850 900 0.9 0.91
19 14 12 1 0 4 850 900 0.91 0.92
19 14 12 1 0 4 850 900 0.92 0.925
19 14 12 1 0 4 850 900 0.925 0.93
19 14 12 1 0 4 850 900 0.93 0.935
19 14 12 1 0 4 850 900 0.935 0.94
19 14 12 1 0 4 850 900 0.94 0.945
19 14 12 1 0 4 850 900 0.945 0.95
19 14 12 1 0 4 850 900 0.95 0.955
19 14 12 1 0 4 850 900 0.955 0.96
19 14 12 1 0 4 850 900 0.96 0.965
19 14 12 1 0 4 850 900 0.965 0.97
19 14 12 1 0 4 850 900 0.97 0.975
19 14 12 1 0 4 850 900 0.975 0.98
19 14 12 1 0 4 850 900 0.98 0.985
19 14 12 1 0 4 850 900 0.985 0.99
19 14 12 1 0 4 850 900 0.99 0.995
19 14 12 1 0 4 850 900 0.995 1
19 14 12 1 0 4 900 950 -1 0.5
19 14 12 1 0 4 900 950 0.5 0.6
19 14 12 1 0 4 900 950 0.6 0.7
19 14 12 1 0 4 900 950 0.7 0.76
19 14 12 1 0 4 900 950 0.76 0.78
19 14 12 1 0 4 900 950 0.78 0.8
19 14 12 1 0 4 900 950 0.8 0.83
19 14 12 1 0 4 900 950 0.83 0.85
19 14 12 1 0 4 900 950 0.85 0.88
19 14 12 1 0 4 900 950 0.88 0.89
19 14 12 1 0 4 900 950 0.89 0.9
19 14 12 1 0 4 900 950 0.9 0.91
19 14 12 1 0 4 900 950 0.91 0.92
19 14 12 1 0 4 900 950 0.92 0.925
19 14 12 1 0 4 900 950 0.925 0.93
19 14 12 1 0 4 900 950 0.93 0.935
19 14 12 1 0 4 900 950 0.935 0.94
19 14 12 1 0 4 900 950 0.94 0.945
19 14 12 1 0 4 900 950 0.945 0.95
19 14 12 1 0 4 900 950 0.95 0.955
19 14 12 1 0 4 900 950 0.955 0.96
19 14 12 1 0 4 900 950 0.96 0.965
19 14 12 1 0 4 900 950 0.965 0.97
19 14 12 1 0 4 900 950 0.97 0.975
19 14 12 1 0 4 900 950 0.975 0.98
19 14 12 1 0 4 900 950 0.98 0.985
19 14 12 1 0 4 900 950 0.985 0.99
19 14 12 1 0 4 900 950 0.99 0.995
19 14 12 1 0 4 900 950 0.995 1
19 14 12 1 0 4 950 1000 -1 0.5
19 14 12 1 0 4 950 1000 0.5 0.6
19 14 12 1 0 4 950 1000 0.6 0.7
19 14 12 1 0 4 950 1000 0.7 0.76
19 14 12 1 0 4 950 1000 0.76 0.78
19 14 12 1 0 4 950 1000 0.78 0.8
19 14 12 1 0 4 950 1000 0.8 0.83
19 14 12 1 0 4 950 1000 0.83 0.85
19 14 12 1 0 4 950 1000 0.85 0.88
19 14 12 1 0 4 950 1000 0.88 0.89
19 14 12 1 0 4 950 1000 0.89 0.9
19 14 12 1 0 4 950 1000 0.9 0.91
19 14 12 1 0 4 950 1000 0.91 0.92
19 14 12 1 0 4 950 1000 0.92 0.925
19 14 12 1 0 4 950 1000 0.925 0.93
19 14 12 1 0 4 950 1000 0.93 0.935
19 14 12 1 0 4 950 1000 0.935 0.94
19 14 12 1 0 4 950 1000 0.94 0.945
19 14 12 1 0 4 950 1000 0.945 0.95
19 14 12 1 0 4 950 1000 0.95 0.955
19 14 12 1 0 4 950 1000 0.955 0.96
19 14 12 1 0 4 950 1000 0.96 0.965
19 14 12 1 0 4 950 1000 0.965 0.97
19 14 12 1 0 4 950 1000 0.97 0.975
19 14 12 1 0 4 950 1000 0.975 0.98
19 14 12 1 0 4 950 1000 0.98 0.985
19 14 12 1 0 4 950 1000 0.985 0.99
19 14 12 1 0 4 950 1000 0.99 0.995
19 14 12 1 0 4 950 1000 0.995 1
19 14 12 1 0 4 1000 1050 -1 0.5
19 14 12 1 0 4 1000 1050 0.5 0.6
19 14 12 1 0 4 1000 1050 0.6 0.7
19 14 12 1 0 4 1000 1050 0.7 0.76
19 14 12 1 0 4 1000 1050 0.76 0.78
19 14 12 1 0 4 1000 1050 0.78 0.8
19 14 12 1 0 4 1000 1050 0.8 0.83
19 14 12 1 0 4 1000 1050 0.83 0.85
19 14 12 1 0 4 1000 1050 0.85 0.88
19 14 12 1 0 4 1000 1050 0.88 0.89
19 14 12 1 0 4 1000 1050 0.89 0.9
19 14 12 1 0 4 1000 1050 0.9 0.91
19 14 12 1 0 4 1000 1050 0.91 0.92
19 14 12 1 0 4 1000 1050 0.92 0.925
19 14 12 1 0 4 1000 1050 0.925 0.93
19 14 12 1 0 4 1000 1050 0.93 0.935
19 14 12 1 0 4 1000 1050 0.935 0.94
19 14 12 1 0 4 1000 1050 0.94 0.945
19 14 12 1 0 4 1000 1050 0.945 0.95
19 14 12 1 0 4 1000 1050 0.95 0.955
19 14 12 1 0 4 1000 1050 0.955 0.96
19 14 12 1 0 4 1000 1050 0.96 0.965
19 14 12 1 0 4 1000 1050 0.965 0.97
19 14 12 1 0 4 1000 1050 0.97 0.975
19 14 12 1 0 4 1000 1050 0.975 0.98
19 14 12 1 0 4 1000 1050 0.98 0.985
19 14 12 1 0 4 1000 1050 0.985 0.99
19 14 12 1 0 4 1000 1050 0.99 0.995
19 14 12 1 0 4 1000 1050 0.995 1
19 14 12 1 0 4 1050 1100 -1 0.5
19 14 12 1 0 4 1050 1100 0.5 0.6
19 14 12 1 0 4 1050 1100 0.6 0.7
19 14 12 1 0 4 1050 1100 0.7 0.76
19 14 12 1 0 4 1050 1100 0.76 0.78
19 14 12 1 0 4 1050 1100 0.78 0.8
19 14 12 1 0 4 1050 1100 0.8 0.83
19 14 12 1 0 4 1050 1100 0.83 0.85
19 14 12 1 0 4 1050 1100 0.85 0.88
19 14 12 1 0 4 1050 1100 0.88 0.89
19 14 12 1 0 4 1050 1100 0.89 0.9
19 14 12 1 0 4 1050 1100 0.9 0.91
19 14 12 1 0 4 1050 1100 0.91 0.92
19 14 12 1 0 4 1050 1100 0.92 0.925
19 14 12 1 0 4 1050 1100 0.925 0.93
19 14 12 1 0 4 1050 1100 0.93 0.935
19 14 12 1 0 4 1050 1100 0.935 0.94
19 14 12 1 0 4 1050 1100 0.94 0.945
19 14 12 1 0 4 1050 1100 0.945 0.95
19 14 12 1 0 4 1050 1100 0.95 0.955
19 14 12 1 0 4 1050 1100 0.955 0.96
19 14 12 1 0 4 1050 1100 0.96 0.965
19 14 12 1 0 4 1050 1100 0.965 0.97
19 14 12 1 0 4 1050 1100 0.97 0.975
19 14 12 1 0 4 1050 1100 0.975 0.98
19 14 12 1 0 4 1050 1100 0.98 0.985
19 14 12 1 0 4 1050 1100 0.985 0.99
19 14 12 1 0 4 1050 1100 0.99 0.995
19 14 12 1 0 4 1050 1100 0.995 1
19 14 12 1 0 4 1100 1200 -1 0.5
19 14 12 1 0 4 1100 1200 0.5 0.6
19 14 12 1 0 4 1100 1200 0.6 0.7
19 14 12 1 0 4 1100 1200 0.7 0.76
19 14 12 1 0 4 1100 1200 0.76 0.78
19 14 12 1 0 4 1100 1200 0.78 0.8
19 14 12 1 0 4 1100 1200 0.8 0.83
19 14 12 1 0 4 1100 1200 0.83 0.85
19 14 12 1 0 4 1100 1200 0.85 0.88
19 14 12 1 0 4 1100 1200 0.88 0.89
19 14 12 1 0 4 1100 1200 0.89 0.9
19 14 12 1 0 4 1100 1200 0.9 0.91
19 14 12 1 0 4 1100 1200 0.91 0.92
19 14 12 1 0 4 1100 1200 0.92 0.925
19 14 12 1 0 4 1100 1200 0.925 0.93
19 14 12 1 0 4 1100 1200 0.93 0.935
19 14 12 1 0 4 1100 1200 0.935 0.94
19 14 12 1 0 4 1100 1200 0.94 0.945
19 14 12 1 0 4 1100 1200 0.945 0.95
19 14 12 1 0 4 1100 1200 0.95 0.955
19 14 12 1 0 4 1100 1200 0.955 0.96
19 14 12 1 0 4 1100 1200 0.96 0.965
19 14 12 1 0 4 1100 1200 0.965 0.97
19 14 12 1 0 4 1100 1200 0.97 0.975
19 14 12 1 0 4 1100 1200 0.975 0.98
19 14 12 1 0 4 1100 1200 0.98 0.985
19 14 12 1 0 4 1100 1200 0.985 0.99
19 14 12 1 0 4 1100 1200 0.99 0.995
19 14 12 1 0 4 1100 1200 0.995 1
19 14 12 1 0 4 1200 1300 -1 0.5
19 14 12 1 0 4 1200 1300 0.5 0.6
19 14 12 1 0 4 1200 1300 0.6 0.7
19 14 12 1 0 4 1200 1300 0.7 0.76
19 14 12 1 0 4 1200 1300 0.76 0.78
19 14 12 1 0 4 1200 1300 0.78 0.8
19 14 12 1 0 4 1200 1300 0.8 0.83
19 14 12 1 0 4 1200 1300 0.83 0.85
19 14 12 1 0 4 1200 1300 0.85 0.88
19 14 12 1 0 4 1200 1300 0.88 0.89
19 14 12 1 0 4 1200 1300 0.89 0.9
19 14 12 1 0 4 1200 1300 0.9 0.91
19 14 12 1 0 4 1200 1300 0.91 0.92
19 14 12 1 0 4 1200 1300 0.92 0.925
19 14 12 1 0 4 1200 1300 0.925 0.93
19 14 12 1 0 4 1200 1300 0.93 0.935
19 14 12 1 0 4 1200 1300 0.935 0.94
19 14 12 1 0 4 1200 1300 0.94 0.945
19 14 12 1 0 4 1200 1300 0.945 0.95
19 14 12 1 0 4 1200 1300 0.95 0.955
19 14 12 1 0 4 1200 1300 0.955 0.96
19 14 12 1 0 4 1200 1300 0.96 0.965
19 14 12 1 0 4 1200 1300 0.965 0.97
19 14 12 1 0 4 1200 1300 0.97 0.975
19 14 12 1 0 4 1200 1300 0.975 0.98
19 14 12 1 0 4 1200 1300 0.98 0.985
19 14 12 1 0 4 1200 1300 0.985 0.99
19 14 12 1 0 4 1200 1300 0.99 0.995
19 14 12 1 0 4 1200 1300 0.995 1
19 14 12 1 0 4 1300 1400 -1 0.5
19 14 12 1 0 4 1300 1400 0.5 0.6
19 14 12 1 0 4 1300 1400 0.6 0.7
19 14 12 1 0 4 1300 1400 0.7 0.76
19 14 12 1 0 4 1300 1400 0.76 0.78
19 14 12 1 0 4 1300 1400 0.78 0.8
19 14 12 1 0 4 1300 1400 0.8 0.83
19 14 12 1 0 4 1300 1400 0.83 0.85
19 14 12 1 0 4 1300 1400 0.85 0.88
19 14 12 1 0 4 1300 1400 0.88 0.89
19 14 12 1 0 4 1300 1400 0.89 0.9
19 14 12 1 0 4 1300 1400 0.9 0.91
19 14 12 1 0 4 1300 1400 0.91 0.92
19 14 12 1 0 4 1300 1400 0.92 0.925
19 14 12 1 0 4 1300 1400 0.925 0.93
19 14 12 1 0 4 1300 1400 0.93 0.935
19 14 12 1 0 4 1300 1400 0.935 0.94
19 14 12 1 0 4 1300 1400 0.94 0.945
19 14 12 1 0 4 1300 1400 0.945 0.95
19 14 12 1 0 4 1300 1400 0.95 0.955
19 14 12 1 0 4 1300 1400 0.955 0.96
19 14 12 1 0 4 1300 1400 0.96 0.965
19 14 12 1 0 4 1300 1400 0.965 0.97
19 14 12 1 0 4 1300 1400 0.97 0.975
19 14 12 1 0 4 1300 1400 0.975 0.98
19 14 12 1 0 4 1300 1400 0.98 0.985
19 14 12 1 0 4 1300 1400 0.985 0.99
19 14 12 1 0 4 1300 1400 0.99 0.995
19 14 12 1 0 4 1300 1400 0.995 1
19 14 12 1 0 4 1400 1500 -1 0.5
19 14 12 1 0 4 1400 1500 0.5 0.6
19 14 12 1 0 4 1400 1500 0.6 0.7
19 14 12 1 0 4 1400 1500 0.7 0.76
19 14 12 1 0 4 1400 1500 0.76 0.78
19 14 12 1 0 4 1400 1500 0.78 0.8
19 14 12 1 0 4 1400 1500 0.8 0.83
19 14 12 1 0 4 1400 1500 0.83 0.85
19 14 12 1 0 4 1400 1500 0.85 0.88
19 14 12 1 0 4 1400 1500 0.88 0.89
19 14 12 1 0 4 1400 1500 0.89 0.9
19 14 12 1 0 4 1400 1500 0.9 0.91
19 14 12 1 0 4 1400 1500 0.91 0.92
19 14 12 1 0 4 1400 1500 0.92 0.925
19 14 12 1 0 4 1400 1500 0.925 0.93
19 14 12 1 0 4 1400 1500 0.93 0.935
19 14 12 1 0 4 1400 1500 0.935 0.94
19 14 12 1 0 4 1400 1500 0.94 0.945
19 14 12 1 0 4 1400 1500 0.945 0.95
19 14 12 1 0 4 1400 1500 0.95 0.955
19 14 12 1 0 4 1400 1500 0.955 0.96
19 14 12 1 0 4 1400 1500 0.96 0.965
19 14 12 1 0 4 1400 1500 0.965 0.97
19 14 12 1 0 4 1400 1500 0.97 0.975
19 14 12 1 0 4 1400 1500 0.975 0.98
19 14 12 1 0 4 1400 1500 0.98 0.985
19 14 12 1 0 4 1400 1500 0.985 0.99
19 14 12 1 0 4 1400 1500 0.99 0.995
19 14 12 1 0 4 1400 1500 0.995 1
19 14 12 1 0 4 1500 1600 -1 0.5
19 14 12 1 0 4 1500 1600 0.5 0.6
19 14 12 1 0 4 1500 1600 0.6 0.7
19 14 12 1 0 4 1500 1600 0.7 0.76
19 14 12 1 0 4 1500 1600 0.76 0.78
19 14 12 1 0 4 1500 1600 0.78 0.8
19 14 12 1 0 4 1500 1600 0.8 0.83
19 14 12 1 0 4 1500 1600 0.83 0.85
19 14 12 1 0 4 1500 1600 0.85 0.88
19 14 12 1 0 4 1500 1600 0.88 0.89
19 14 12 1 0 4 1500 1600 0.89 0.9
19 14 12 1 0 4 1500 1600 0.9 0.91
19 14 12 1 0 4 1500 1600 0.91 0.92
19 14 12 1 0 4 1500 1600 0.92 0.925
19 14 12 1 0 4 1500 1600 0.925 0.93
19 14 12 1 0 4 1500 1600 0.93 0.935
19 14 12 1 0 4 1500 1600 0.935 0.94
19 14 12 1 0 4 1500 1600 0.94 0.945
19 14 12 1 0 4 1500 1600 0.945 0.95
19 14 12 1 0 4 1500 1600 0.95 0.955
19 14 12 1 0 4 1500 1600 0.955 0.96
19 14 12 1 0 4 1500 1600 0.96 0.965
19 14 12 1 0 4 1500 1600 0.965 0.97
19 14 12 1 0 4 1500 1600 0.97 0.975
19 14 12 1 0 4 1500 1600 0.975 0.98
19 14 12 1 0 4 1500 1600 0.98 0.985
19 14 12 1 0 4 1500 1600 0.985 0.99
19 14 12 1 0 4 1500 1600 0.99 0.995
19 14 12 1 0 4 1500 1600 0.995 1
19 14 12 1 0 4 1600 1700 -1 0.5
19 14 12 1 0 4 1600 1700 0.5 0.6
19 14 12 1 0 4 1600 1700 0.6 0.7
19 14 12 1 0 4 1600 1700 0.7 0.76
19 14 12 1 0 4 1600 1700 0.76 0.78
19 14 12 1 0 4 1600 1700 0.78 0.8
19 14 12 1 0 4 1600 1700 0.8 0.83
19 14 12 1 0 4 1600 1700 0.83 0.85
19 14 12 1 0 4 1600 1700 0.85 0.88
19 14 12 1 0 4 1600 1700 0.88 0.89
19 14 12 1 0 4 1600 1700 0.89 0.9
19 14 12 1 0 4 1600 1700 0.9 0.91
19 14 12 1 0 4 1600 1700 0.91 0.92
19 14 12 1 0 4 1600 1700 0.92 0.925
19 14 12 1 0 4 1600 1700 0.925 0.93
19 14 12 1 0 4 1600 1700 0.93 0.935
19 14 12 1 0 4 1600 1700 0.935 0.94
19 14 12 1 0 4 1600 1700 0.94 0.945
19 14 12 1 0 4 1600 1700 0.945 0.95
19 14 12 1 0 4 1600 1700 0.95 0.955
19 14 12 1 0 4 1600 1700 0.955 0.96
19 14 12 1 0 4 1600 1700 0.96 0.965
19 14 12 1 0 4 1600 1700 0.965 0.97
19 14 12 1 0 4 1600 1700 0.97 0.975
19 14 12 1 0 4 1600 1700 0.975 0.98
19 14 12 1 0 4 1600 1700 0.98 0.985
19 14 12 1 0 4 1600 1700 0.985 0.99
19 14 12 1 0 4 1600 1700 0.99 0.995
19 14 12 1 0 4 1600 1700 0.995 1
19 14 12 1 0 4 1700 1800 -1 0.5
19 14 12 1 0 4 1700 1800 0.5 0.6
19 14 12 1 0 4 1700 1800 0.6 0.7
19 14 12 1 0 4 1700 1800 0.7 0.76
19 14 12 1 0 4 1700 1800 0.76 0.78
19 14 12 1 0 4 1700 1800 0.78 0.8
19 14 12 1 0 4 1700 1800 0.8 0.83
19 14 12 1 0 4 1700 1800 0.83 0.85
19 14 12 1 0 4 1700 1800 0.85 0.88
19 14 12 1 0 4 1700 1800 0.88 0.89
19 14 12 1 0 4 1700 1800 0.89 0.9
19 14 12 1 0 4 1700 1800 0.9 0.91
19 14 12 1 0 4 1700 1800 0.91 0.92
19 14 12 1 0 4 1700 1800 0.92 0.925
19 14 12 1 0 4 1700 1800 0.925 0.93
19 14 12 1 0 4 1700 1800 0.93 0.935
19 14 12 1 0 4 1700 1800 0.935 0.94
19 14 12 1 0 4 1700 1800 0.94 0.945
19 14 12 1 0 4 1700 1800 0.945 0.95
19 14 12 1 0 4 1700 1800 0.95 0.955
19 14 12 1 0 4 1700 1800 0.955 0.96
19 14 12 1 0 4 1700 1800 0.96 0.965
19 14 12 1 0 4 1700 1800 0.965 0.97
19 14 12 1 0 4 1700 1800 0.97 0.975
19 14 12 1 0 4 1700 1800 0.975 0.98
19 14 12 1 0 4 1700 1800 0.98 0.985
19 14 12 1 0 4 1700 1800 0.985 0.99
19 14 12 1 0 4 1700 1800 0.99 0.995
19 14 12 1 0 4 1700 1800 0.995 1
19 14 12 1 0 4 1800 2000 -1 0.5
19 14 12 1 0 4 1800 2000 0.5 0.6
19 14 12 1 0 4 1800 2000 0.6 0.7
19 14 12 1 0 4 1800 2000 0.7 0.76
19 14 12 1 0 4 1800 2000 0.78 0.8
19 14 12 1 0 4 1800 2000 0.8 0.83
19 14 12 1 0 4 1800 2000 0.83 0.85
19 14 12 1 0 4 1800 2000 0.85 0.88
19 14 12 1 0 4 1800 2000 0.88 0.89
19 14 12 1 0 4 1800 2000 0.89 0.9
19 14 12 1 0 4 1800 2000 0.9 0.91
19 14 12 1 0 4 1800 2000 0.91 0.92
19 14 12 1 0 4 1800 2000 0.92 0.925
19 14 12 1 0 4 1800 2000 0.925 0.93
19 14 12 1 0 4 1800 2000 0.93 0.935
19 14 12 1 0 4 1800 2000 0.935 0.94
19 14 12 1 0 4 1800 2000 0.94 0.945
19 14 12 1 0 4 1800 2000 0.945 0.95
19 14 12 1 0 4 1800 2000 0.95 0.955
19 14 12 1 0 4 1800 2000 0.955 0.96
19 14 12 1 0 4 1800 2000 0.96 0.965
19 14 12 1 0 4 1800 2000 0.965 0.97
19 14 12 1 0 4 1800 2000 0.97 0.975
19 14 12 1 0 4 1800 2000 0.975 0.98
19 14 12 1 0 4 1800 2000 0.98 0.985
19 14 12 1 0 4 1800 2000 0.985 0.99
19 14 12 1 0 4 1800 2000 0.99 0.995
19 14 12 1 0 4 1800 2000 0.995 1
19 14 12 1 0 4 2000 2500 -1 0.5
19 14 12 1 0 4 2000 2500 0.5 0.6
19 14 12 1 0 4 2000 2500 0.7 0.76
19 14 12 1 0 4 2000 2500 0.76 0.78
19 14 12 1 0 4 2000 2500 0.8 0.83
19 14 12 1 0 4 2000 2500 0.83 0.85
19 14 12 1 0 4 2000 2500 0.85 0.88
19 14 12 1 0 4 2000 2500 0.88 0.89
19 14 12 1 0 4 2000 2500 0.89 0.9
19 14 12 1 0 4 2000 2500 0.9 0.91
19 14 12 1 0 4 2000 2500 0.91 0.92
19 14 12 1 0 4 2000 2500 0.92 0.925
19 14 12 1 0 4 2000 2500 0.925 0.93
19 14 12 1 0 4 2000 2500 0.93 0.935
19 14 12 1 0 4 2000 2500 0.935 0.94
19 14 12 1 0 4 2000 2500 0.94 0.945
19 14 12 1 0 4 2000 2500 0.945 0.95
19 14 12 1 0 4 2000 2500 0.95 0.955
19 14 12 1 0 4 2000 2500 0.955 0.96
19 14 12 1 0 4 2000 2500 0.96 0.965
19 14 12 1 0 4 2000 2500 0.965 0.97
19 14 12 1 0 4 2000 2500 0.97 0.975
19 14 12 1 0 4 2000 2500 0.975 0.98
19 14 12 1 0 4 2000 2500 0.98 0.985
19 14 12 1 0 4 2000 2500 0.985 0.99
19 14 12 1 0 4 2000 2500 0.99 0.995
19 14 12 1 0 4 2000 2500 0.995 1
19 14 12 1 0 4 2500 3000 -1 0.5
19 14 12 1 0 4 2500 3000 0.5 0.6
19 14 12 1 0 4 2500 3000 0.7 0.76
19 14 12 1 0 4 2500 3000 0.76 0.78
19 14 12 1 0 4 2500 3000 0.8 0.83
19 14 12 1 0 4 2500 3000 0.85 0.88
19 14 12 1 0 4 2500 3000 0.88 0.89
19 14 12 1 0 4 2500 3000 0.89 0.9
19 14 12 1 0 4 2500 3000 0.9 0.91
19 14 12 1 0 4 2500 3000 0.91 0.92
19 14 12 1 0 4 2500 3000 0.92 0.925
19 14 12 1 0 4 2500 3000 0.925 0.93
19 14 12 1 0 4 2500 3000 0.93 0.935
19 14 12 1 0 4 2500 3000 0.935 0.94
19 14 12 1 0 4 2500 3000 0.94 0.945
19 14 12 1 0 4 2500 3000 0.945 0.95
19 14 12 1 0 4 2500 3000 0.95 0.955
19 14 12 1 0 4 2500 3000 0.955 0.96
19 14 12 1 0 4 2500 3000 0.96 0.965
19 14 12 1 0 4 2500 3000 0.965 0.97
19 14 12 1 0 4 2500 3000 0.97 0.975
19 14 12 1 0 4 2500 3000 0.975 0.98
19 14 12 1 0 4 2500 3000 0.98 0.985
19 14 12 1 0 4 2500 3000 0.985 0.99
19 14 12 1 0 4 2500 3000 0.99 0.995
19 14 12 1 0 4 2500 3000 0.995 1
19 14 12 1 0 4 3000 5000 -1 0.5
19 14 12 1 0 4 3000 5000 0.8 0.83
19 14 12 1 0 4 3000 5000 0.85 0.88
19 14 12 1 0 4 3000 5000 0.9 0.91
19 14 12 1 0 4 3000 5000 0.91 0.92
19 14 12 1 0 4 3000 5000 0.92 0.925
19 14 12 1 0 4 3000 5000 0.925 0.93
19 14 12 1 0 4 3000 5000 0.93 0.935
19 14 12 1 0 4 3000 5000 0.935 0.94
19 14 12 1 0 4 3000 5000 0.945 0.95
19 14 12 1 0 4 3000 5000 0.95 0.955
19 14 12 1 0 4 3000 5000 0.955 0.96
19 14 12 1 0 4 3000 5000 0.96 0.965
19 14 12 1 0 4 3000 5000 0.965 0.97
19 14 12 1 0 4 3000 5000 0.97 0.975
19 14 12 1 0 4 3000 5000 0.975 0.98
19 14 12 1 0 4 3000 5000 0.98 0.985
19 14 12 1 0 4 3000 5000 0.985 0.99
19 14 12 1 0 4 3000 5000 0.99 0.995
19 14 12 1 0 4 3000 5000 0.995 1
19 14 12 1 0 4 5000 30000 0.91 0.92
19 14 12 1 0 4 5000 30000 0.965 0.97
19 14 12 1 0 4 5000 30000 0.975 0.98
19 14 12 1 0 4 5000 30000 0.98 0.985
19 14 12 1 0 4 5000 30000 0.995 1
20 12 12 1 0 4 700 750 0.99 0.995
20 12 12 1 0 4 1500 2000 0.85 0.88
20 14 12 1 0 4 0 300 -1 0.6
20 14 12 1 0 4 0 300 0.6 0.7
20 14 12 1 0 4 0 300 0.7 0.8
20 14 12 1 0 4 0 300 0.8 0.85
20 14 12 1 0 4 0 300 0.85 0.88
20 14 12 1 0 4 0 300 0.98 0.99
20 14 12 1 0 4 300 350 -1 0.6
20 14 12 1 0 4 300 350 0.6 0.7
20 14 12 1 0 4 300 350 0.7 0.8
20 14 12 1 0 4 300 350 0.8 0.85
20 14 12 1 0 4 300 350 0.85 0.88
20 14 12 1 0 4 300 350 0.97 0.98
20 14 12 1 0 4 300 350 0.98 0.99
20 14 12 1 0 4 350 400 -1 0.6
20 14 12 1 0 4 350 400 0.6 0.7
20 14 12 1 0 4 350 400 0.7 0.8
20 14 12 1 0 4 350 400 0.8 0.85
20 14 12 1 0 4 350 400 0.85 0.88
20 14 12 1 0 4 350 400 0.88 0.9
20 14 12 1 0 4 350 400 0.9 0.92
20 14 12 1 0 4 350 400 0.92 0.93
20 14 12 1 0 4 350 400 0.94 0.95
20 14 12 1 0 4 350 400 0.95 0.96
20 14 12 1 0 4 350 400 0.995 1
20 14 12 1 0 4 400 500 -1 0.6
20 14 12 1 0 4 400 500 0.6 0.7
20 14 12 1 0 4 400 500 0.7 0.8
20 14 12 1 0 4 400 500 0.8 0.85
20 14 12 1 0 4 400 500 0.85 0.88
20 14 12 1 0 4 400 500 0.88 0.9
20 14 12 1 0 4 400 500 0.9 0.92
20 14 12 1 0 4 400 500 0.92 0.93
20 14 12 1 0 4 400 500 0.95 0.96
20 14 12 1 0 4 400 500 0.97 0.98
20 14 12 1 0 4 400 500 0.98 0.99
20 14 12 1 0 4 500 600 -1 0.6
20 14 12 1 0 4 500 600 0.6 0.7
20 14 12 1 0 4 500 600 0.7 0.8
20 14 12 1 0 4 500 600 0.8 0.85
20 14 12 1 0 4 500 600 0.85 0.88
20 14 12 1 0 4 500 600 0.88 0.9
20 14 12 1 0 4 500 600 0.9 0.92
20 14 12 1 0 4 500 600 0.92 0.93
20 14 12 1 0 4 500 600 0.94 0.95
20 14 12 1 0 4 500 600 0.95 0.96
20 14 12 1 0 4 500 600 0.96 0.97
20 14 12 1 0 4 500 600 0.97 0.98
20 14 12 1 0 4 500 600 0.98 0.99
20 14 12 1 0 4 600 650 -1 0.6
20 14 12 1 0 4 600 650 0.6 0.7
20 14 12 1 0 4 600 650 0.7 0.8
20 14 12 1 0 4 600 650 0.8 0.85
20 14 12 1 0 4 600 650 0.85 0.88
20 14 12 1 0 4 600 650 0.88 0.9
20 14 12 1 0 4 600 650 0.9 0.92
20 14 12 1 0 4 600 650 0.92 0.93
20 14 12 1 0 4 600 650 0.93 0.94
20 14 12 1 0 4 600 650 0.94 0.95
20 14 12 1 0 4 600 650 0.98 0.99
20 14 12 1 0 4 650 700 -1 0.6
20 14 12 1 0 4 650 700 0.6 0.7
20 14 12 1 0 4 650 700 0.7 0.8
20 14 12 1 0 4 650 700 0.8 0.85
20 14 12 1 0 4 650 700 0.85 0.88
20 14 12 1 0 4 650 700 0.88 0.9
20 14 12 1 0 4 650 700 0.9 0.92
20 14 12 1 0 4 650 700 0.92 0.93
20 14 12 1 0 4 650 700 0.93 0.94
20 14 12 1 0 4 650 700 0.94 0.95
20 14 12 1 0 4 700 750 -1 0.6
20 14 12 1 0 4 700 750 0.6 0.7
20 14 12 1 0 4 700 750 0.7 0.8
20 14 12 1 0 4 700 750 0.8 0.85
20 14 12 1 0 4 700 750 0.85 0.88
20 14 12 1 0 4 700 750 0.88 0.9
20 14 12 1 0 4 700 750 0.9 0.92
20 14 12 1 0 4 700 750 0.92 0.93
20 14 12 1 0 4 700 750 0.93 0.94
20 14 12 1 0 4 700 750 0.94 0.95
20 14 12 1 0 4 700 750 0.95 0.96
20 14 12 1 0 4 700 750 0.98 0.99
20 14 12 1 0 4 700 750 0.99 0.995
20 14 12 1 0 4 750 800 -1 0.6
20 14 12 1 0 4 750 800 0.6 0.7
20 14 12 1 0 4 750 800 0.7 0.8
20 14 12 1 0 4 750 800 0.8 0.85
20 14 12 1 0 4 750 800 0.85 0.88
20 14 12 1 0 4 750 800 0.9 0.92
20 14 12 1 0 4 750 800 0.92 0.93
20 14 12 1 0 4 750 800 0.93 0.94
20 14 12 1 0 4 750 800 0.95 0.96
20 14 12 1 0 4 800 900 -1 0.6
20 14 12 1 0 4 800 900 0.6 0.7
20 14 12 1 0 4 800 900 0.7 0.8
20 14 12 1 0 4 800 900 0.8 0.85
20 14 12 1 0 4 800 900 0.85 0.88
20 14 12 1 0 4 800 900 0.9 0.92
20 14 12 1 0 4 800 900 0.92 0.93
20 14 12 1 0 4 800 900 0.93 0.94
20 14 12 1 0 4 800 900 0.94 0.95
20 14 12 1 0 4 800 900 0.97 0.98
20 14 12 1 0 4 900 1000 -1 0.6
20 14 12 1 0 4 900 1000 0.6 0.7
20 14 12 1 0 4 900 1000 0.7 0.8
20 14 12 1 0 4 900 1000 0.8 0.85
20 14 12 1 0 4 900 1000 0.85 0.88
20 14 12 1 0 4 900 1000 0.88 0.9
20 14 12 1 0 4 900 1000 0.9 0.92
20 14 12 1 0 4 900 1000 0.94 0.95
20 14 12 1 0 4 900 1000 0.97 0.98
20 14 12 1 0 4 1000 1100 -1 0.6
20 14 12 1 0 4 1000 1100 0.6 0.7
20 14 12 1 0 4 1000 1100 0.7 0.8
20 14 12 1 0 4 1000 1100 0.8 0.85
20 14 12 1 0 4 1000 1100 0.85 0.88
20 14 12 1 0 4 1000 1100 0.88 0.9
20 14 12 1 0 4 1000 1100 0.9 0.92
20 14 12 1 0 4 1000 1100 0.97 0.98
20 14 12 1 0 4 1000 1100 0.98 0.99
20 14 12 1 0 4 1000 1100 0.995 1
20 14 12 1 0 4 1100 1200 -1 0.6
20 14 12 1 0 4 1100 1200 0.6 0.7
20 14 12 1 0 4 1100 1200 0.7 0.8
20 14 12 1 0 4 1100 1200 0.8 0.85
20 14 12 1 0 4 1100 1200 0.85 0.88
20 14 12 1 0 4 1100 1200 0.88 0.9
20 14 12 1 0 4 1100 1200 0.9 0.92
20 14 12 1 0 4 1100 1200 0.96 0.97
20 14 12 1 0 4 1100 1200 0.97 0.98
20 14 12 1 0 4 1100 1200 0.98 0.99
20 14 12 1 0 4 1100 1200 0.995 1
20 14 12 1 0 4 1200 1500 -1 0.6
20 14 12 1 0 4 1200 1500 0.6 0.7
20 14 12 1 0 4 1200 1500 0.7 0.8
20 14 12 1 0 4 1200 1500 0.8 0.85
20 14 12 1 0 4 1200 1500 0.85 0.88
20 14 12 1 0 4 1200 1500 0.88 0.9
20 14 12 1 0 4 1200 1500 0.9 0.92
20 14 12 1 0 4 1200 1500 0.96 0.97
20 14 12 1 0 4 1200 1500 0.97 0.98
20 14 12 1 0 4 1200 1500 0.98 0.99
20 14 12 1 0 4 1200 1500 0.99 0.995
20 14 12 1 0 4 1500 2000 0.6 0.7
20 14 12 1 0 4 1500 2000 0.7 0.8
20 14 12 1 0 4 1500 2000 0.8 0.85
20 14 12 1 0 4 1500 2000 0.85 0.88
20 14 12 1 0 4 1500 2000 0.88 0.9
20 14 12 1 0 4 1500 2000 0.9 0.92
20 14 12 1 0 4 1500 2000 0.94 0.95
20 14 12 1 0 4 1500 2000 0.95 0.96
20 14 12 1 0 4 1500 2000 0.99 0.995
20 14 12 1 0 4 2000 3000 0.8 0.85
20 14 12 1 0 4 2000 3000 0.9 0.92
20 14 12 1 0 4 2000 3000 0.93 0.94
20 14 12 1 0 4 2000 3000 0.94 0.95
20 14 12 1 0 4 2000 3000 0.95 0.96
20 14 12 1 0 4 3000 5000 0.93 0.94
21 12 12 1 0 4 1100 1250 -1 0.6
21 12 12 1 0 4 1250 1500 0.93 0.94
21 12 12 1 0 4 2000 3000 0.99 0.995
21 12 12 1 0 4 3000 5000 0.99 0.995
21 14 12 1 0 4 0 300 -1 0.6
21 14 12 1 0 4 0 300 0.7 0.76
21 14 12 1 0 4 300 400 -1 0.6
21 14 12 1 0 4 300 400 0.6 0.7
21 14 12 1 0 4 300 400 0.7 0.76
21 14 12 1 0 4 300 400 0.76 0.8
21 14 12 1 0 4 300 400 0.8 0.85
21 14 12 1 0 4 300 400 0.89 0.9
21 14 12 1 0 4 300 400 0.91 0.92
21 14 12 1 0 4 300 400 0.94 0.95
21 14 12 1 0 4 300 400 0.97 0.98
21 14 12 1 0 4 400 500 -1 0.6
21 14 12 1 0 4 400 500 0.6 0.7
21 14 12 1 0 4 400 500 0.7 0.76
21 14 12 1 0 4 400 500 0.76 0.8
21 14 12 1 0 4 400 500 0.8 0.85
21 14 12 1 0 4 400 500 0.85 0.88
21 14 12 1 0 4 400 500 0.88 0.89
21 14 12 1 0 4 400 500 0.89 0.9
21 14 12 1 0 4 400 500 0.9 0.91
21 14 12 1 0 4 400 500 0.91 0.92
21 14 12 1 0 4 400 500 0.93 0.94
21 14 12 1 0 4 400 500 0.94 0.95
21 14 12 1 0 4 500 600 -1 0.6
21 14 12 1 0 4 500 600 0.6 0.7
21 14 12 1 0 4 500 600 0.7 0.76
21 14 12 1 0 4 500 600 0.76 0.8
21 14 12 1 0 4 500 600 0.8 0.85
21 14 12 1 0 4 500 600 0.85 0.88
21 14 12 1 0 4 500 600 0.88 0.89
21 14 12 1 0 4 500 600 0.89 0.9
21 14 12 1 0 4 500 600 0.9 0.91
21 14 12 1 0 4 500 600 0.92 0.93
21 14 12 1 0 4 500 600 0.93 0.94
21 14 12 1 0 4 500 600 0.94 0.95
21 14 12 1 0 4 500 600 0.96 0.97
21 14 12 1 0 4 500 600 0.97 0.98
21 14 12 1 0 4 600 650 -1 0.6
21 14 12 1 0 4 600 650 0.6 0.7
21 14 12 1 0 4 600 650 0.7 0.76
21 14 12 1 0 4 600 650 0.76 0.8
21 14 12 1 0 4 600 650 0.8 0.85
21 14 12 1 0 4 600 650 0.85 0.88
21 14 12 1 0 4 600 650 0.88 0.89
21 14 12 1 0 4 600 650 0.89 0.9
21 14 12 1 0 4 600 650 0.9 0.91
21 14 12 1 0 4 600 650 0.92 0.93
21 14 12 1 0 4 600 650 0.93 0.94
21 14 12 1 0 4 600 650 0.94 0.95
21 14 12 1 0 4 600 650 0.96 0.97
21 14 12 1 0 4 600 650 0.97 0.98
21 14 12 1 0 4 650 700 -1 0.6
21 14 12 1 0 4 650 700 0.6 0.7
21 14 12 1 0 4 650 700 0.7 0.76
21 14 12 1 0 4 650 700 0.76 0.8
21 14 12 1 0 4 650 700 0.8 0.85
21 14 12 1 0 4 650 700 0.85 0.88
21 14 12 1 0 4 650 700 0.88 0.89
21 14 12 1 0 4 650 700 0.89 0.9
21 14 12 1 0 4 650 700 0.9 0.91
21 14 12 1 0 4 650 700 0.91 0.92
21 14 12 1 0 4 650 700 0.92 0.93
21 14 12 1 0 4 650 700 0.93 0.94
21 14 12 1 0 4 650 700 0.95 0.96
21 14 12 1 0 4 650 700 0.96 0.97
21 14 12 1 0 4 700 750 -1 0.6
21 14 12 1 0 4 700 750 0.6 0.7
21 14 12 1 0 4 700 750 0.7 0.76
21 14 12 1 0 4 700 750 0.8 0.85
21 14 12 1 0 4 700 750 0.85 0.88
21 14 12 1 0 4 700 750 0.88 0.89
21 14 12 1 0 4 700 750 0.91 0.92
21 14 12 1 0 4 700 750 0.92 0.93
21 14 12 1 0 4 700 750 0.93 0.94
21 14 12 1 0 4 700 750 0.94 0.95
21 14 12 1 0 4 700 750 0.95 0.96
21 14 12 1 0 4 700 750 0.96 0.97
21 14 12 1 0 4 700 750 0.97 0.98
21 14 12 1 0 4 700 750 0.98 0.99
21 14 12 1 0 4 700 750 0.99 0.995
21 14 12 1 0 4 700 750 0.995 1
21 14 12 1 0 4 750 800 -1 0.6
21 14 12 1 0 4 750 800 0.6 0.7
21 14 12 1 0 4 750 800 0.7 0.76
21 14 12 1 0 4 750 800 0.76 0.8
21 14 12 1 0 4 750 800 0.8 0.85
21 14 12 1 0 4 750 800 0.85 0.88
21 14 12 1 0 4 750 800 0.88 0.89
21 14 12 1 0 4 750 800 0.9 0.91
21 14 12 1 0 4 750 800 0.91 0.92
21 14 12 1 0 4 750 800 0.92 0.93
21 14 12 1 0 4 750 800 0.94 0.95
21 14 12 1 0 4 750 800 0.95 0.96
21 14 12 1 0 4 750 800 0.96 0.97
21 14 12 1 0 4 750 800 0.98 0.99
21 14 12 1 0 4 750 800 0.995 1
21 14 12 1 0 4 800 900 -1 0.6
21 14 12 1 0 4 800 900 0.6 0.7
21 14 12 1 0 4 800 900 0.7 0.76
21 14 12 1 0 4 800 900 0.76 0.8
21 14 12 1 0 4 800 900 0.8 0.85
21 14 12 1 0 4 800 900 0.85 0.88
21 14 12 1 0 4 800 900 0.88 0.89
21 14 12 1 0 4 800 900 0.89 0.9
21 14 12 1 0 4 800 900 0.9 0.91
21 14 12 1 0 4 800 900 0.91 0.92
21 14 12 1 0 4 800 900 0.92 0.93
21 14 12 1 0 4 800 900 0.93 0.94
21 14 12 1 0 4 800 900 0.94 0.95
21 14 12 1 0 4 800 900 0.95 0.96
21 14 12 1 0 4 800 900 0.96 0.97
21 14 12 1 0 4 800 900 0.97 0.98
21 14 12 1 0 4 800 900 0.98 0.99
21 14 12 1 0 4 900 1000 -1 0.6
21 14 12 1 0 4 900 1000 0.6 0.7
21 14 12 1 0 4 900 1000 0.7 0.76
21 14 12 1 0 4 900 1000 0.76 0.8
21 14 12 1 0 4 900 1000 0.8 0.85
21 14 12 1 0 4 900 1000 0.85 0.88
21 14 12 1 0 4 900 1000 0.89 0.9
21 14 12 1 0 4 900 1000 0.9 0.91
21 14 12 1 0 4 900 1000 0.91 0.92
21 14 12 1 0 4 900 1000 0.92 0.93
21 14 12 1 0 4 900 1000 0.93 0.94
21 14 12 1 0 4 900 1000 0.94 0.95
21 14 12 1 0 4 900 1000 0.95 0.96
21 14 12 1 0 4 900 1000 0.96 0.97
21 14 12 1 0 4 900 1000 0.97 0.98
21 14 12 1 0 4 900 1000 0.98 0.99
21 14 12 1 0 4 1000 1100 -1 0.6
21 14 12 1 0 4 1000 1100 0.7 0.76
21 14 12 1 0 4 1000 1100 0.76 0.8
21 14 12 1 0 4 1000 1100 0.8 0.85
21 14 12 1 0 4 1000 1100 0.85 0.88
21 14 12 1 0 4 1000 1100 0.88 0.89
21 14 12 1 0 4 1000 1100 0.9 0.91
21 14 12 1 0 4 1000 1100 0.91 0.92
21 14 12 1 0 4 1000 1100 0.92 0.93
21 14 12 1 0 4 1000 1100 0.93 0.94
21 14 12 1 0 4 1000 1100 0.94 0.95
21 14 12 1 0 4 1000 1100 0.95 0.96
21 14 12 1 0 4 1000 1100 0.96 0.97
21 14 12 1 0 4 1000 1100 0.97 0.98
21 14 12 1 0 4 1000 1100 0.98 0.99
21 14 12 1 0 4 1100 1250 0.7 0.76
21 14 12 1 0 4 1100 1250 0.76 0.8
21 14 12 1 0 4 1100 1250 0.8 0.85
21 14 12 1 0 4 1100 1250 0.85 0.88
21 14 12 1 0 4 1100 1250 0.88 0.89
21 14 12 1 0 4 1100 1250 0.9 0.91
21 14 12 1 0 4 1100 1250 0.91 0.92
21 14 12 1 0 4 1100 1250 0.92 0.93
21 14 12 1 0 4 1100 1250 0.93 0.94
21 14 12 1 0 4 1100 1250 0.94 0.95
21 14 12 1 0 4 1100 1250 0.95 0.96
21 14 12 1 0 4 1100 1250 0.96 0.97
21 14 12 1 0 4 1100 1250 0.97 0.98
21 14 12 1 0 4 1100 1250 0.98 0.99
21 14 12 1 0 4 1250 1500 0.7 0.76
21 14 12 1 0 4 1250 1500 0.76 0.8
21 14 12 1 0 4 1250 1500 0.8 0.85
21 14 12 1 0 4 1250 1500 0.85 0.88
21 14 12 1 0 4 1250 1500 0.88 0.89
21 14 12 1 0 4 1250 1500 0.89 0.9
21 14 12 1 0 4 1250 1500 0.9 0.91
21 14 12 1 0 4 1250 1500 0.94 0.95
21 14 12 1 0 4 1250 1500 0.95 0.96
21 14 12 1 0 4 1250 1500 0.97 0.98
21 14 12 1 0 4 1250 1500 0.98 0.99
21 14 12 1 0 4 1250 1500 0.99 0.995
21 14 12 1 0 4 1500 1750 0.7 0.76
21 14 12 1 0 4 1500 1750 0.76 0.8
21 14 12 1 0 4 1500 1750 0.8 0.85
21 14 12 1 0 4 1500 1750 0.85 0.88
21 14 12 1 0 4 1500 1750 0.88 0.89
21 14 12 1 0 4 1500 1750 0.89 0.9
21 14 12 1 0 4 1500 1750 0.9 0.91
21 14 12 1 0 4 1500 1750 0.91 0.92
21 14 12 1 0 4 1500 1750 0.93 0.94
21 14 12 1 0 4 1500 1750 0.94 0.95
21 14 12 1 0 4 1500 1750 0.95 0.96
21 14 12 1 0 4 1500 1750 0.98 0.99
21 14 12 1 0 4 1500 1750 0.99 0.995
21 14 12 1 0 4 1750 2000 0.76 0.8
21 14 12 1 0 4 1750 2000 0.8 0.85
21 14 12 1 0 4 1750 2000 0.89 0.9
21 14 12 1 0 4 1750 2000 0.9 0.91
21 14 12 1 0 4 1750 2000 0.91 0.92
21 14 12 1 0 4 1750 2000 0.92 0.93
21 14 12 1 0 4 1750 2000 0.93 0.94
21 14 12 1 0 4 1750 2000 0.94 0.95
21 14 12 1 0 4 1750 2000 0.95 0.96
21 14 12 1 0 4 1750 2000 0.96 0.97
21 14 12 1 0 4 1750 2000 0.97 0.98
21 14 12 1 0 4 2000 3000 0.8 0.85
21 14 12 1 0 4 2000 3000 0.89 0.9
21 14 12 1 0 4 2000 3000 0.9 0.91
21 14 12 1 0 4 2000 3000 0.92 0.93
21 14 12 1 0 4 2000 3000 0.94 0.95
21 14 12 1 0 4 2000 3000 0.95 0.96
21 14 12 1 0 4 2000 3000 0.96 0.97
21 14 12 1 0 4 2000 3000 0.97 0.98
21 14 12 1 0 4 2000 3000 0.98 0.99
21 14 12 1 0 4 3000 5000 0.8 0.85
21 14 12 1 0 4 3000 5000 0.95 0.96
21 14 12 1 0 4 3000 5000 0.96 0.97
21 14 12 1 0 4 3000 5000 0.98 0.99
49 14 12 1 0 4 0 300 -1 0.6
49 14 12 1 0 4 0 300 0.6 0.7
49 14 12 1 0 4 0 300 0.8 0.85
49 14 12 1 0 4 300 400 -1 0.6
49 14 12 1 0 4 300 400 0.6 0.7
49 14 12 1 0 4 300 400 0.8 0.85
49 14 12 1 0 4 300 400 0.85 0.9
49 14 12 1 0 4 300 400 0.93 0.94
49 14 12 1 0 4 400 500 -1 0.6
49 14 12 1 0 4 400 500 0.8 0.85
49 14 12 1 0 4 400 500 0.85 0.9
49 14 12 1 0 4 400 500 0.92 0.93
49 14 12 1 0 4 500 550 0.8 0.85
49 14 12 1 0 4 500 550 0.85 0.9
49 14 12 1 0 4 500 550 0.9 0.92
49 14 12 1 0 4 500 550 0.93 0.94
49 14 12 1 0 4 550 600 -1 0.6
49 14 12 1 0 4 600 650 0.6 0.7
49 14 12 1 0 4 600 650 0.85 0.9
49 14 12 1 0 4 750 800 0.85 0.9
49 14 12 1 0 4 800 900 0.85 0.9
49 14 12 1 0 4 900 1000 0.6 0.7
49 14 12 1 0 4 900 1000 0.7 0.8
49 14 12 1 0 4 900 1000 0.85 0.9
49 14 12 1 0 4 900 1000 0.985 0.99
49 14 12 1 0 4 1000 1100 0.85 0.9
49 14 12 1 0 4 1000 1100 0.95 0.96
49 14 12 1 0 4 1000 1100 0.965 0.97
49 14 12 1 0 4 1100 1200 0.8 0.85
49 14 12 1 0 4 1100 1200 0.93 0.94
49 14 12 1 0 4 1200 1500 0.6 0.7
49 14 12 1 0 4 1200 1500 0.8 0.85
49 14 12 1 0 4 1200 1500 0.93 0.94
49 14 12 1 0 4 1200 1500 0.94 0.95
49 14 12 1 0 4 1200 1500 0.95 0.96
49 14 12 1 0 4 1200 1500 0.97 0.975
49 14 12 1 0 4 1200 1500 0.99 0.995
49 14 12 1 0 4 1500 2000 0.6 0.7
49 14 12 1 0 4 1500 2000 0.8 0.85
49 14 12 1 0 4 1500 2000 0.9 0.92
49 14 12 1 0 4 1500 2000 0.93 0.94
49 14 12 1 0 4 1500 2000 0.94 0.95
49 14 12 1 0 4 1500 2000 0.95 0.96
49 14 12 1 0 4 1500 2000 0.965 0.97
49 14 12 1 0 4 1500 2000 0.97 0.975
49 14 12 1 0 4 1500 2000 0.975 0.98
49 14 12 1 0 4 1500 2000 0.99 0.995
49 14 12 1 0 4 2000 4000 0.9 0.92
49 14 12 1 0 4 2000 4000 0.94 0.95
49 14 12 1 0 4 2000 4000 0.975 0.98
50 14 12 1 0 4 1300 2500 0.8 0.9
50 14 12 1 0 4 2500 30000 0.8 0.9
51 14 12 1 0 4 1250 1500 0.85 0.9
51 14 12 1 0 4 1500 2000 0.85 0.9
61 12 12 1 0 4 800 900 -1 0.7
61 14 12 1 0 4 0 300 -1 0.7
61 14 12 1 0 4 0 300 0.7 0.8
61 14 12 1 0 4 0 300 0.8 0.85
61 14 12 1 0 4 0 300 0.85 0.88
61 14 12 1 0 4 0 300 0.88 0.9
61 14 12 1 0 4 0 300 0.9 0.92
61 14 12 1 0 4 0 300 0.92 0.94
61 14 12 1 0 4 0 300 0.94 0.96
61 14 12 1 0 4 0 300 0.98 0.99
61 14 12 1 0 4 0 300 0.99 1
61 14 12 1 0 4 300 500 -1 0.7
61 14 12 1 0 4 300 500 0.7 0.8
61 14 12 1 0 4 300 500 0.8 0.85
61 14 12 1 0 4 300 500 0.85 0.88
61 14 12 1 0 4 300 500 0.88 0.9
61 14 12 1 0 4 300 500 0.9 0.92
61 14 12 1 0 4 300 500 0.92 0.94
61 14 12 1 0 4 300 500 0.94 0.96
61 14 12 1 0 4 300 500 0.96 0.97
61 14 12 1 0 4 300 500 0.98 0.99
61 14 12 1 0 4 300 500 0.99 1
61 14 12 1 0 4 500 700 -1 0.7
61 14 12 1 0 4 500 700 0.7 0.8
61 14 12 1 0 4 500 700 0.8 0.85
61 14 12 1 0 4 500 700 0.85 0.88
61 14 12 1 0 4 500 700 0.88 0.9
61 14 12 1 0 4 500 700 0.9 0.92
61 14 12 1 0 4 500 700 0.92 0.94
61 14 12 1 0 4 500 700 0.94 0.96
61 14 12 1 0 4 500 700 0.96 0.97
61 14 12 1 0 4 500 700 0.97 0.98
61 14 12 1 0 4 500 700 0.98 0.99
61 14 12 1 0 4 500 700 0.99 1
61 14 12 1 0 4 700 800 -1 0.7
61 14 12 1 0 4 700 800 0.7 0.8
61 14 12 1 0 4 700 800 0.8 0.85
61 14 12 1 0 4 700 800 0.85 0.88
61 14 12 1 0 4 700 800 0.88 0.9
61 14 12 1 0 4 700 800 0.9 0.92
61 14 12 1 0 4 700 800 0.92 0.94
61 14 12 1 0 4 700 800 0.94 0.96
61 14 12 1 0 4 700 800 0.96 0.97
61 14 12 1 0 4 700 800 0.97 0.98
61 14 12 1 0 4 700 800 0.98 0.99
61 14 12 1 0 4 700 800 0.99 1
61 14 12 1 0 4 800 900 -1 0.7
61 14 12 1 0 4 800 900 0.7 0.8
61 14 12 1 0 4 800 900 0.8 0.85
61 14 12 1 0 4 800 900 0.85 0.88
61 14 12 1 0 4 800 900 0.88 0.9
61 14 12 1 0 4 800 900 0.9 0.92
61 14 12 1 0 4 800 900 0.92 0.94
61 14 12 1 0 4 800 900 0.94 0.96
61 14 12 1 0 4 800 900 0.96 0.97
61 14 12 1 0 4 800 900 0.97 0.98
61 14 12 1 0 4 800 900 0.98 0.99
61 14 12 1 0 4 800 900 0.99 1
61 14 12 1 0 4 900 1250 -1 0.7
61 14 12 1 0 4 900 1250 0.7 0.8
61 14 12 1 0 4 900 1250 0.8 0.85
61 14 12 1 0 4 900 1250 0.85 0.88
61 14 12 1 0 4 900 1250 0.88 0.9
61 14 12 1 0 4 900 1250 0.9 0.92
61 14 12 1 0 4 900 1250 0.92 0.94
61 14 12 1 0 4 900 1250 0.94 0.96
61 14 12 1 0 4 900 1250 0.96 0.97
61 14 12 1 0 4 900 1250 0.97 0.98
61 14 12 1 0 4 900 1250 0.98 0.99
61 14 12 1 0 4 900 1250 0.99 1
61 14 12 1 0 4 1250 1500 -1 0.7
61 14 12 1 0 4 1250 1500 0.7 0.8
61 14 12 1 0 4 1250 1500 0.8 0.85
61 14 12 1 0 4 1250 1500 0.85 0.88
61 14 12 1 0 4 1250 1500 0.88 0.9
61 14 12 1 0 4 1250 1500 0.9 0.92
61 14 12 1 0 4 1250 1500 0.92 0.94
61 14 12 1 0 4 1250 1500 0.94 0.96
61 14 12 1 0 4 1250 1500 0.96 0.97
61 14 12 1 0 4 1250 1500 0.97 0.98
61 14 12 1 0 4 1250 1500 0.98 0.99
61 14 12 1 0 4 1250 1500 0.99 1
61 14 12 1 0 4 1500 2000 -1 0.7
61 14 12 1 0 4 1500 2000 0.7 0.8
61 14 12 1 0 4 1500 2000 0.8 0.85
61 14 12 1 0 4 1500 2000 0.85 0.88
61 14 12 1 0 4 1500 2000 0.88 0.9
61 14 12 1 0 4 1500 2000 0.9 0.92
61 14 12 1 0 4 1500 2000 0.92 0.94
61 14 12 1 0 4 1500 2000 0.94 0.96
61 14 12 1 0 4 1500 2000 0.96 0.97
61 14 12 1 0 4 1500 2000 0.97 0.98
61 14 12 1 0 4 1500 2000 0.98 0.99
61 14 12 1 0 4 1500 2000 0.99 1
61 14 12 1 0 4 2000 4000 0.7 0.8
61 14 12 1 0 4 2000 4000 0.8 0.85
61 14 12 1 0 4 2000 4000 0.88 0.9
61 14 12 1 0 4 2000 4000 0.9 0.92
61 14 12 1 0 4 2000 4000 0.92 0.94
61 14 12 1 0 4 2000 4000 0.94 0.96
61 14 12 1 0 4 2000 4000 0.96 0.97
61 14 12 1 0 4 2000 4000 0.97 0.98
61 14 12 1 0 4 2000 4000 0.98 0.99
61 14 12 1 0 4 2000 4000 0.99 1
61 14 12 1 0 4 4000 30000 0.8 0.85
61 14 12 1 0 4 4000 30000 0.94 0.96
61 14 12 1 0 4 4000 30000 0.96 0.97
61 14 12 1 0 4 4000 30000 0.97 0.98
61 14 12 1 0 4 4000 30000 0.98 0.99
61 14 12 1 0 4 4000 30000 0.99 1
62 14 12 1 0 4 0 600 -1 0.7
62 14 12 1 0 4 600 800 -1 0.7
62 14 12 1 0 4 800 1500 -1 0.7
62 14 12 1 0 4 800 1500 0.7 0.8
62 14 12 1 0 4 800 1500 0.8 0.86
62 14 12 1 0 4 800 1500 0.9 0.94
62 14 12 1 0 4 1500 30000 0.7 0.8
62 14 12 1 0 4 1500 30000 0.8 0.86
62 14 12 1 0 4 1500 30000 0.9 0.94
63 14 12 1 0 4 0 600 -1 0.7
63 14 12 1 0 4 600 1000 -1 0.7
63 14 12 1 0 4 600 1000 0.7 0.8
63 14 12 1 0 4 600 1000 0.9 0.93
63 14 12 1 0 4 600 1000 0.95 0.97
63 14 12 1 0 4 600 1000 0.97 0.99
63 14 12 1 0 4 1000 1250 -1 0.7
63 14 12 1 0 4 1000 1250 0.7 0.8
63 14 12 1 0 4 1000 1250 0.8 0.86
63 14 12 1 0 4 1000 1250 0.9 0.93
63 14 12 1 0 4 1000 1250 0.93 0.95
63 14 12 1 0 4 1000 1250 0.95 0.97
63 14 12 1 0 4 1000 1250 0.97 0.99
63 14 12 1 0 4 1250 2000 0.7 0.8
63 14 12 1 0 4 1250 2000 0.8 0.86
63 14 12 1 0 4 1250 2000 0.86 0.9
63 14 12 1 0 4 1250 2000 0.9 0.93
63 14 12 1 0 4 1250 2000 0.93 0.95
63 14 12 1 0 4 1250 2000 0.97 0.99
63 14 12 1 0 4 1250 2000 0.99 1
63 14 12 1 0 4 2000 4000 0.86 0.9
63 14 12 1 0 4 2000 4000 0.9 0.93
63 14 12 1 0 4 2000 4000 0.99 1
