variables: SelectedSample isRHC CosThetamu CosThetamu Pmu Pmu
3 0 -1 0.6 0 300
3 0 -1 0.6 300 1000
3 0 -1 0.6 1000 1250
3 0 -1 0.6 1250 1500
3 0 -1 0.6 1500 2000
3 0 -1 0.6 2000 3000
3 0 -1 0.6 3000 5000
3 0 -1 0.6 5000 30000
3 0 0.6 0.8 0 300
3 0 0.6 0.8 300 1000
3 0 0.6 0.8 1000 1250
3 0 0.6 0.8 1250 1500
3 0 0.6 0.8 1500 2000
3 0 0.6 0.8 2000 3000
3 0 0.6 0.8 3000 5000
3 0 0.6 0.8 5000 30000
3 0 0.8 0.85 0 300
3 0 0.8 0.85 300 1000
3 0 0.8 0.85 1000 1250
3 0 0.8 0.85 1250 1500
3 0 0.8 0.85 1500 2000
3 0 0.8 0.85 2000 3000
3 0 0.8 0.85 3000 5000
3 0 0.8 0.85 5000 30000
3 0 0.85 0.9 0 300
3 0 0.85 0.9 300 1000
3 0 0.85 0.9 1000 1250
3 0 0.85 0.9 1250 1500
3 0 0.85 0.9 1500 2000
3 0 0.85 0.9 2000 3000
3 0 0.85 0.9 3000 5000
3 0 0.85 0.9 5000 30000
3 0 0.9 0.92 0 300
3 0 0.9 0.92 300 1000
3 0 0.9 0.92 1000 1250
3 0 0.9 0.92 1250 1500
3 0 0.9 0.92 1500 2000
3 0 0.9 0.92 2000 3000
3 0 0.9 0.92 3000 5000
3 0 0.9 0.92 5000 30000
3 0 0.92 0.98 0 300
3 0 0.92 0.98 300 1000
3 0 0.92 0.98 1000 1250
3 0 0.92 0.98 1250 1500
3 0 0.92 0.98 1500 2000
3 0 0.92 0.98 2000 3000
3 0 0.92 0.98 3000 5000
3 0 0.92 0.98 5000 30000
3 0 0.98 0.99 0 300
3 0 0.98 0.99 300 1000
3 0 0.98 0.99 1000 1250
3 0 0.98 0.99 1250 1500
3 0 0.98 0.99 1500 2000
3 0 0.98 0.99 2000 3000
3 0 0.98 0.99 3000 5000
3 0 0.98 0.99 5000 30000
3 0 0.99 1 0 300
3 0 0.99 1 300 1000
3 0 0.99 1 1000 1250
3 0 0.99 1 1250 1500
3 0 0.99 1 1500 2000
3 0 0.99 1 2000 3000
3 0 0.99 1 3000 5000
4 0 -1 0.6 0 300
4 0 -1 0.6 300 400
4 0 -1 0.6 400 700
4 0 -1 0.6 700 800
4 0 -1 0.6 800 1000
4 0 -1 0.6 1000 1500
4 0 -1 0.6 1500 2000
4 0 -1 0.6 2000 5000
4 0 -1 0.6 5000 30000
4 0 0.6 0.8 0 300
4 0 0.6 0.8 300 400
4 0 0.6 0.8 400 700
4 0 0.6 0.8 700 800
4 0 0.6 0.8 800 1000
4 0 0.6 0.8 1000 1500
4 0 0.6 0.8 1500 2000
4 0 0.6 0.8 2000 5000
4 0 0.6 0.8 5000 30000
4 0 0.8 0.9 0 300
4 0 0.8 0.9 300 400
4 0 0.8 0.9 400 700
4 0 0.8 0.9 700 800
4 0 0.8 0.9 800 1000
4 0 0.8 0.9 1000 1500
4 0 0.8 0.9 1500 2000
4 0 0.8 0.9 2000 5000
4 0 0.8 0.9 5000 30000
4 0 0.9 0.92 0 300
4 0 0.9 0.92 300 400
4 0 0.9 0.92 400 700
4 0 0.9 0.92 700 800
4 0 0.9 0.92 800 1000
4 0 0.9 0.92 1000 1500
4 0 0.9 0.92 1500 2000
4 0 0.9 0.92 2000 5000
4 0 0.9 0.92 5000 30000
4 0 0.92 0.94 0 300
4 0 0.92 0.94 300 400
4 0 0.92 0.94 400 700
4 0 0.92 0.94 700 800
4 0 0.92 0.94 800 1000
4 0 0.92 0.94 1000 1500
4 0 0.92 0.94 1500 2000
4 0 0.92 0.94 2000 5000
4 0 0.92 0.94 5000 30000
4 0 0.94 0.96 0 300
4 0 0.94 0.96 300 400
4 0 0.94 0.96 400 700
4 0 0.94 0.96 700 800
4 0 0.94 0.96 800 1000
4 0 0.94 0.96 1000 1500
4 0 0.94 0.96 1500 2000
4 0 0.94 0.96 2000 5000
4 0 0.94 0.96 5000 30000
4 0 0.96 0.98 0 300
4 0 0.96 0.98 300 400
4 0 0.96 0.98 400 700
4 0 0.96 0.98 700 800
4 0 0.96 0.98 800 1000
4 0 0.96 0.98 1000 1500
4 0 0.96 0.98 1500 2000
4 0 0.96 0.98 2000 5000
4 0 0.96 0.98 5000 30000
4 0 0.98 0.99 0 300
4 0 0.98 0.99 300 400
4 0 0.98 0.99 400 700
4 0 0.98 0.99 700 800
4 0 0.98 0.99 800 1000
4 0 0.98 0.99 1000 1500
4 0 0.98 0.99 1500 2000
4 0 0.98 0.99 2000 5000
4 0 0.98 0.99 5000 30000
4 0 0.99 1 0 300
4 0 0.99 1 300 400
4 0 0.99 1 400 700
4 0 0.99 1 700 800
4 0 0.99 1 800 1000
4 0 0.99 1 1000 1500
4 0 0.99 1 1500 2000
4 0 0.99 1 2000 5000
4 0 0.99 1 5000 30000
5 0 -1 0.6 0 300
5 0 -1 0.6 300 400
5 0 -1 0.6 400 700
5 0 -1 0.6 700 800
5 0 -1 0.6 800 900
5 0 -1 0.6 900 1250
5 0 -1 0.6 1250 2000
5 0 -1 0.6 2000 3000
5 0 -1 0.6 3000 5000
5 0 -1 0.6 5000 30000
5 0 0.6 0.8 0 300
5 0 0.6 0.8 300 400
5 0 0.6 0.8 400 700
5 0 0.6 0.8 700 800
5 0 0.6 0.8 800 900
5 0 0.6 0.8 900 1250
5 0 0.6 0.8 1250 2000
5 0 0.6 0.8 2000 3000
5 0 0.6 0.8 3000 5000
5 0 0.6 0.8 5000 30000
5 0 0.8 0.85 0 300
5 0 0.8 0.85 300 400
5 0 0.8 0.85 400 700
5 0 0.8 0.85 700 800
5 0 0.8 0.85 800 900
5 0 0.8 0.85 900 1250
5 0 0.8 0.85 1250 2000
5 0 0.8 0.85 2000 3000
5 0 0.8 0.85 3000 5000
5 0 0.8 0.85 5000 30000
5 0 0.85 0.9 0 300
5 0 0.85 0.9 300 400
5 0 0.85 0.9 400 700
5 0 0.85 0.9 700 800
5 0 0.85 0.9 800 900
5 0 0.85 0.9 900 1250
5 0 0.85 0.9 1250 2000
5 0 0.85 0.9 2000 3000
5 0 0.85 0.9 3000 5000
5 0 0.85 0.9 5000 30000
5 0 0.9 0.92 0 300
5 0 0.9 0.92 300 400
5 0 0.9 0.92 400 700
5 0 0.9 0.92 700 800
5 0 0.9 0.92 800 900
5 0 0.9 0.92 900 1250
5 0 0.9 0.92 1250 2000
5 0 0.9 0.92 2000 3000
5 0 0.9 0.92 3000 5000
5 0 0.9 0.92 5000 30000
5 0 0.92 0.96 0 300
5 0 0.92 0.96 300 400
5 0 0.92 0.96 400 700
5 0 0.92 0.96 700 800
5 0 0.92 0.96 800 900
5 0 0.92 0.96 900 1250
5 0 0.92 0.96 1250 2000
5 0 0.92 0.96 2000 3000
5 0 0.92 0.96 3000 5000
5 0 0.92 0.96 5000 30000
5 0 0.96 0.98 0 300
5 0 0.96 0.98 300 400
5 0 0.96 0.98 400 700
5 0 0.96 0.98 700 800
5 0 0.96 0.98 800 900
5 0 0.96 0.98 900 1250
5 0 0.96 0.98 1250 2000
5 0 0.96 0.98 2000 3000
5 0 0.96 0.98 3000 5000
5 0 0.96 0.98 5000 30000
5 0 0.98 0.99 0 300
5 0 0.98 0.99 300 400
5 0 0.98 0.99 400 700
5 0 0.98 0.99 700 800
5 0 0.98 0.99 800 900
5 0 0.98 0.99 900 1250
5 0 0.98 0.99 1250 2000
5 0 0.98 0.99 2000 3000
5 0 0.98 0.99 3000 5000
5 0 0.98 0.99 5000 30000
5 0 0.99 1 0 300
5 0 0.99 1 300 400
5 0 0.99 1 400 700
5 0 0.99 1 700 800
5 0 0.99 1 800 900
5 0 0.99 1 900 1250
5 0 0.99 1 1250 2000
5 0 0.99 1 2000 3000
5 0 0.99 1 3000 5000
5 0 0.99 1 5000 30000
19 0 -1 0.6 0 300
19 0 -1 0.6 300 1000
19 0 -1 0.6 1000 1250
19 0 -1 0.6 1250 1500
19 0 -1 0.6 1500 2000
19 0 -1 0.6 2000 3000
19 0 -1 0.6 3000 5000
19 0 -1 0.6 5000 30000
19 0 0.6 0.8 0 300
19 0 0.6 0.8 300 1000
19 0 0.6 0.8 1000 1250
19 0 0.6 0.8 1250 1500
19 0 0.6 0.8 1500 2000
19 0 0.6 0.8 2000 3000
19 0 0.6 0.8 3000 5000
19 0 0.6 0.8 5000 30000
19 0 0.8 0.85 0 300
19 0 0.8 0.85 300 1000
19 0 0.8 0.85 1000 1250
19 0 0.8 0.85 1250 1500
19 0 0.8 0.85 1500 2000
19 0 0.8 0.85 2000 3000
19 0 0.8 0.85 3000 5000
19 0 0.8 0.85 5000 30000
19 0 0.85 0.9 0 300
19 0 0.85 0.9 300 1000
19 0 0.85 0.9 1000 1250
19 0 0.85 0.9 1250 1500
19 0 0.85 0.9 1500 2000
19 0 0.85 0.9 2000 3000
19 0 0.85 0.9 3000 5000
19 0 0.85 0.9 5000 30000
19 0 0.9 0.92 0 300
19 0 0.9 0.92 300 1000
19 0 0.9 0.92 1000 1250
19 0 0.9 0.92 1250 1500
19 0 0.9 0.92 1500 2000
19 0 0.9 0.92 2000 3000
19 0 0.9 0.92 3000 5000
19 0 0.9 0.92 5000 30000
19 0 0.92 0.98 0 300
19 0 0.92 0.98 300 1000
19 0 0.92 0.98 1000 1250
19 0 0.92 0.98 1250 1500
19 0 0.92 0.98 1500 2000
19 0 0.92 0.98 2000 3000
19 0 0.92 0.98 3000 5000
19 0 0.92 0.98 5000 30000
19 0 0.98 0.99 0 300
19 0 0.98 0.99 300 1000
19 0 0.98 0.99 1000 1250
19 0 0.98 0.99 1250 1500
19 0 0.98 0.99 1500 2000
19 0 0.98 0.99 2000 3000
19 0 0.98 0.99 3000 5000
19 0 0.98 0.99 5000 30000
19 0 0.99 1 0 300
19 0 0.99 1 300 1000
19 0 0.99 1 1000 1250
19 0 0.99 1 1250 1500
19 0 0.99 1 1500 2000
19 0 0.99 1 2000 3000
19 0 0.99 1 3000 5000
19 0 0.99 1 5000 30000
20 0 -1 0.6 0 300
20 0 -1 0.6 300 400
20 0 -1 0.6 400 700
20 0 -1 0.6 700 800
20 0 -1 0.6 800 1000
20 0 -1 0.6 1000 1500
20 0 -1 0.6 1500 2000
20 0 -1 0.6 2000 5000
20 0 -1 0.6 5000 30000
20 0 0.6 0.8 0 300
20 0 0.6 0.8 300 400
20 0 0.6 0.8 400 700
20 0 0.6 0.8 700 800
20 0 0.6 0.8 800 1000
20 0 0.6 0.8 1000 1500
20 0 0.6 0.8 1500 2000
20 0 0.6 0.8 2000 5000
20 0 0.6 0.8 5000 30000
20 0 0.8 0.9 0 300
20 0 0.8 0.9 300 400
20 0 0.8 0.9 400 700
20 0 0.8 0.9 700 800
20 0 0.8 0.9 800 1000
20 0 0.8 0.9 1000 1500
20 0 0.8 0.9 1500 2000
20 0 0.8 0.9 2000 5000
20 0 0.8 0.9 5000 30000
20 0 0.9 0.92 0 300
20 0 0.9 0.92 300 400
20 0 0.9 0.92 400 700
20 0 0.9 0.92 700 800
20 0 0.9 0.92 800 1000
20 0 0.9 0.92 1000 1500
20 0 0.9 0.92 1500 2000
20 0 0.9 0.92 2000 5000
20 0 0.9 0.92 5000 30000
20 0 0.92 0.94 0 300
20 0 0.92 0.94 300 400
20 0 0.92 0.94 400 700
20 0 0.92 0.94 700 800
20 0 0.92 0.94 800 1000
20 0 0.92 0.94 1000 1500
20 0 0.92 0.94 1500 2000
20 0 0.92 0.94 2000 5000
20 0 0.92 0.94 5000 30000
20 0 0.94 0.96 0 300
20 0 0.94 0.96 300 400
20 0 0.94 0.96 400 700
20 0 0.94 0.96 700 800
20 0 0.94 0.96 800 1000
20 0 0.94 0.96 1000 1500
20 0 0.94 0.96 1500 2000
20 0 0.94 0.96 2000 5000
20 0 0.94 0.96 5000 30000
20 0 0.96 0.98 0 300
20 0 0.96 0.98 300 400
20 0 0.96 0.98 400 700
20 0 0.96 0.98 700 800
20 0 0.96 0.98 800 1000
20 0 0.96 0.98 1000 1500
20 0 0.96 0.98 1500 2000
20 0 0.96 0.98 2000 5000
20 0 0.96 0.98 5000 30000
20 0 0.98 0.99 0 300
20 0 0.98 0.99 300 400
20 0 0.98 0.99 400 700
20 0 0.98 0.99 700 800
20 0 0.98 0.99 800 1000
20 0 0.98 0.99 1000 1500
20 0 0.98 0.99 1500 2000
20 0 0.98 0.99 2000 5000
20 0 0.98 0.99 5000 30000
20 0 0.99 1 0 300
20 0 0.99 1 300 400
20 0 0.99 1 400 700
20 0 0.99 1 700 800
20 0 0.99 1 800 1000
20 0 0.99 1 1000 1500
20 0 0.99 1 1500 2000
20 0 0.99 1 2000 5000
20 0 0.99 1 5000 30000
21 0 -1 0.6 0 300
21 0 -1 0.6 300 400
21 0 -1 0.6 400 700
21 0 -1 0.6 700 800
21 0 -1 0.6 800 900
21 0 -1 0.6 900 1250
21 0 -1 0.6 1250 2000
21 0 -1 0.6 2000 3000
21 0 -1 0.6 3000 5000
21 0 -1 0.6 5000 30000
21 0 0.6 0.8 0 300
21 0 0.6 0.8 300 400
21 0 0.6 0.8 400 700
21 0 0.6 0.8 700 800
21 0 0.6 0.8 800 900
21 0 0.6 0.8 900 1250
21 0 0.6 0.8 1250 2000
21 0 0.6 0.8 2000 3000
21 0 0.6 0.8 3000 5000
21 0 0.6 0.8 5000 30000
21 0 0.8 0.85 0 300
21 0 0.8 0.85 300 400
21 0 0.8 0.85 400 700
21 0 0.8 0.85 700 800
21 0 0.8 0.85 800 900
21 0 0.8 0.85 900 1250
21 0 0.8 0.85 1250 2000
21 0 0.8 0.85 2000 3000
21 0 0.8 0.85 3000 5000
21 0 0.8 0.85 5000 30000
21 0 0.85 0.9 0 300
21 0 0.85 0.9 300 400
21 0 0.85 0.9 400 700
21 0 0.85 0.9 700 800
21 0 0.85 0.9 800 900
21 0 0.85 0.9 900 1250
21 0 0.85 0.9 1250 2000
21 0 0.85 0.9 2000 3000
21 0 0.85 0.9 3000 5000
21 0 0.85 0.9 5000 30000
21 0 0.9 0.92 0 300
21 0 0.9 0.92 300 400
21 0 0.9 0.92 400 700
21 0 0.9 0.92 700 800
21 0 0.9 0.92 800 900
21 0 0.9 0.92 900 1250
21 0 0.9 0.92 1250 2000
21 0 0.9 0.92 2000 3000
21 0 0.9 0.92 3000 5000
21 0 0.9 0.92 5000 30000
21 0 0.92 0.96 0 300
21 0 0.92 0.96 300 400
21 0 0.92 0.96 400 700
21 0 0.92 0.96 700 800
21 0 0.92 0.96 800 900
21 0 0.92 0.96 900 1250
21 0 0.92 0.96 1250 2000
21 0 0.92 0.96 2000 3000
21 0 0.92 0.96 3000 5000
21 0 0.92 0.96 5000 30000
21 0 0.96 0.98 0 300
21 0 0.96 0.98 300 400
21 0 0.96 0.98 400 700
21 0 0.96 0.98 700 800
21 0 0.96 0.98 800 900
21 0 0.96 0.98 900 1250
21 0 0.96 0.98 1250 2000
21 0 0.96 0.98 2000 3000
21 0 0.96 0.98 3000 5000
21 0 0.96 0.98 5000 30000
21 0 0.98 0.99 0 300
21 0 0.98 0.99 300 400
21 0 0.98 0.99 400 700
21 0 0.98 0.99 700 800
21 0 0.98 0.99 800 900
21 0 0.98 0.99 900 1250
21 0 0.98 0.99 1250 2000
21 0 0.98 0.99 2000 3000
21 0 0.98 0.99 3000 5000
21 0 0.98 0.99 5000 30000
21 0 0.99 1 0 300
21 0 0.99 1 300 400
21 0 0.99 1 400 700
21 0 0.99 1 700 800
21 0 0.99 1 800 900
21 0 0.99 1 900 1250
21 0 0.99 1 1250 2000
21 0 0.99 1 2000 3000
21 0 0.99 1 3000 5000
21 0 0.99 1 5000 30000
43 1 -1 0.6 0 300
43 1 -1 0.6 300 2000
43 1 -1 0.6 2000 4000
43 1 -1 0.6 4000 30000
43 1 0.6 0.8 0 300
43 1 0.6 0.8 300 2000
43 1 0.6 0.8 2000 4000
43 1 0.6 0.8 4000 30000
43 1 0.8 0.9 0 300
43 1 0.8 0.9 300 2000
43 1 0.8 0.9 2000 4000
43 1 0.8 0.9 4000 30000
43 1 0.9 0.96 0 300
43 1 0.9 0.96 300 2000
43 1 0.9 0.96 2000 4000
43 1 0.9 0.96 4000 30000
43 1 0.96 1 0 300
43 1 0.96 1 300 2000
43 1 0.96 1 2000 4000
43 1 0.96 1 4000 30000
44 1 -1 0.7 0 500
44 1 -1 0.7 500 30000
44 1 0.7 1 0 500
44 1 0.7 1 500 30000
45 1 -1 0.7 0 600
45 1 -1 0.7 600 800
45 1 -1 0.7 800 30000
45 1 0.7 0.95 0 600
45 1 0.7 0.95 600 800
45 1 0.7 0.95 800 30000
45 1 0.95 0.97 0 600
45 1 0.95 0.97 600 800
45 1 0.95 0.97 800 30000
45 1 0.97 1 0 600
45 1 0.97 1 600 800
45 1 0.97 1 800 30000
49 1 -1 0.6 0 300
49 1 -1 0.6 300 2000
49 1 -1 0.6 2000 4000
49 1 -1 0.6 4000 30000
49 1 0.6 0.8 0 300
49 1 0.6 0.8 300 2000
49 1 0.6 0.8 2000 4000
49 1 0.6 0.8 4000 30000
49 1 0.8 0.9 0 300
49 1 0.8 0.9 300 2000
49 1 0.8 0.9 2000 4000
49 1 0.8 0.9 4000 30000
49 1 0.9 0.96 0 300
49 1 0.9 0.96 300 2000
49 1 0.9 0.96 2000 4000
49 1 0.9 0.96 4000 30000
49 1 0.96 1 0 300
49 1 0.96 1 300 2000
49 1 0.96 1 2000 4000
49 1 0.96 1 4000 30000
50 1 -1 0.7 0 500
50 1 -1 0.7 500 30000
50 1 0.7 1 0 500
50 1 0.7 1 500 30000
51 1 -1 0.7 0 600
51 1 -1 0.7 600 800
51 1 -1 0.7 800 30000
51 1 0.7 0.95 0 600
51 1 0.7 0.95 600 800
51 1 0.7 0.95 800 30000
51 1 0.95 0.97 0 600
51 1 0.95 0.97 600 800
51 1 0.95 0.97 800 30000
51 1 0.97 1 0 600
51 1 0.97 1 600 800
51 1 0.97 1 800 30000
55 1 -1 0.7 0 300
55 1 -1 0.7 300 1500
55 1 -1 0.7 1500 30000
55 1 0.7 1 0 300
55 1 0.7 1 300 1500
55 1 0.7 1 1500 30000
56 1 -1 0.7 0 600
56 1 -1 0.7 600 800
56 1 -1 0.7 800 30000
56 1 0.7 1 0 600
56 1 0.7 1 600 800
56 1 0.7 1 800 30000
57 1 -1 0.7 0 600
57 1 -1 0.7 600 30000
57 1 0.7 1 0 600
57 1 0.7 1 600 30000
61 1 -1 0.7 0 300
61 1 -1 0.7 300 1500
61 1 -1 0.7 1500 30000
61 1 0.7 1 0 300
61 1 0.7 1 300 1500
61 1 0.7 1 1500 30000
62 1 -1 0.7 0 600
62 1 -1 0.7 600 800
62 1 -1 0.7 800 30000
62 1 0.7 1 0 600
62 1 0.7 1 600 800
62 1 0.7 1 800 30000
63 1 -1 0.7 0 600
63 1 -1 0.7 600 30000
63 1 0.7 1 0 600
63 1 0.7 1 600 30000
-1 -1 -1 -1 -1 -1
